AEONMSH
Version: 1
Center {
  x: 1.5
  y: 0.2199999988079071
  z: -1.5
}
Radii {
  x: 1.5
  y: 0.2199999988079071
  z: 1.5
}
VertexFlags: 67
VertexCount: 8
IndexSize: 1
IndexCount: 36
VertexBuffer: "\000\000@@M\361\231\263\256G\341\276(\315\023?*\315\023\277&\315\023\277\266\2655?\375\374|>\245\244$>\000\000@@\000\000\000\000\000\000\000\000(\315\023?*\315\023\277&\315\023\277\266\2655?\375\374|>\245\244$>\000\000\000\000\317\301\272\250\232<\177\035(\315\023\277*\315\023\277&\315\023\277\266\2655?\375\374|>\245\244$>\000\000\000\000P\361\231\263\256G\341\276(\315\023\277*\315\023\277&\315\023\277\266\2655?\375\374|>\245\244$>\316\016\234(\000\000@\300y3\0035(\315\023\277&\315\023?*\315\023\277\266\2655?\375\374|>\245\244$>\000\000@@\000\000@\300y3\0035(\315\023?&\315\023?*\315\023\277\266\2655?\375\374|>\245\244$>\000\000@@\000\000@\300\236G\341\276(\315\023?&\315\023?*\315\023\277\266\2655?\375\374|>\245\244$>\316\016\234(\000\000@\300\236G\341\276(\315\023\277&\315\023?*\315\023\277\266\2655?\375\374|>\245\244$>"
IndexBuffer: "\000\001\002\002\003\000\004\002\001\001\005\004\004\005\006\006\007\004\000\001\005\005\006\000\003\000\006\006\007\003\007\004\002\002\003\007"
