AEONMSH
Version: 1
Center {
  x: 63.10019302368164
  y: 8.197967342654948
  z: 1.145601525902748
}
Radii {
  x: 44.01340866088867
  y: 8.197967715938802
  z: 1.5351042598485947
}
VertexFlags: 67
VertexCount: 32
IndexSize: 1
IndexCount: 192
VertexBuffer: "\367\314ZB\245N\000A\n\243\022@\033\215\215>\\\365-\277\\\365-\277\315\314L?\315\314L?\315\314L?\367\314ZB\325x\tA\224\364\333?\2129\305>N\013\'?N\013\'?\315\314L?\315\314L?\315\314L?\367\314ZBf\367$A\014\243\022@\210\021\304\276N7\'?N7\'\277\315\314L?\315\314L?\315\314L?\367\314ZB6\315\033A\225\364\333?\177K?\277\341\221\360\276\341\221\360>\315\314L?\315\314L?\315\314L?%\006\275B\325x\tA\224\364\333?\343[q\277\343Yq>\343Yq>\315\314L?\315\314L?\315\314L?%\006\275B\226!.A\014\243\022@f)3\276d92\277d92\277\315\314L?\315\314L?\315\314L?%\006\275B6\315\033A\225\364\333?\343[q\277\343Yq\276\343Yq>\315\314L?\315\314L?\315\314L?%\006\275B\350H\356@\n\243\022@(\315\023\277(\313\023\277(\315\023\277\315\314L?\315\314L?\315\314L?%\006\275B\226!.A5\373\3555\321\261\350>B=!\277B=!\277\315\314L?\315\314L?\315\314L?%\006\275B\325x\tA\034\243\022?\023\257\t\2771\233\030?1\231\030?\315\314L?\315\314L?\315\314L?%\006\275B\351H\356@N\324\2425\035u\216\276\\\335-\277\\\335-\277\315\314L?\315\314L?\315\314L?%\006\275B6\315\033A \243\022?\254\037V\277\215i\306\276\215i\306>\315\314L?\315\314L?\315\314L?*:\326B\276g\310\264\005\243\022@\026)\013?cK1?\346\305\362\276\315\314L?\315\314L?\315\314L?\341z\310B\350H\356@\n\243\022@.!\227\276\231\235\314\276\274)^\277\315\314L?\315\314L?\315\314L?\341z\310B\226!.A\014\243\022@\037\211\217>\2461S\276\340\375o\277\315\314L?\315\314L?\315\314L?\341z\310B\226!.A2\373\3555\037\211\217>\2461S\276\340\375o\277\315\314L?\315\314L?\315\314L?*:\326B\000\000\000\000\000\000\000\000\026)\013?cK1?\346\305\362\276\315\314L?\315\314L?\315\314L?\341z\310B\351H\356@K\324\2425.!\227\276\231\235\314\276\274)^\277\315\314L?\315\314L?\315\314L?\367\314ZB\325x\tA\034\243\022?\334/n?\t\255\204>\t\255\204>\315\314L?\315\314L?\315\314L?\367\314ZB\245N\000A\314Z\2575&\037\023?(#\024\277(#\024?\315\314L?\315\314L?\315\314L?\367\314ZBf\367$A\274t\3415\210\021\304>N7\'?N7\'?\315\314L?\315\314L?\315\314L?\367\314ZB6\315\033A \243\022?\343[q?\343Yq\276\343Yq>\315\314L?\315\314L?\315\314L?\017\013\305B\340*\203A\020\243\022@\017\237\007?qU8?\313u\345\276\315\314L?\315\314L?\315\314L??5\316B\340*\203A\020\243\022@\376\375\376>Eo\"?/M\027\277\315\314L?\315\314L?\315\314L?\371\017\315B\276g\310\264\005\243\022@#\177\021\277\256\351\326>j\'5\277\315\314L?\315\314L?\315\314L?\017\013\305B\340*\203A\200C36\017\237\007?qU8?\313u\345\276\315\314L?\315\314L?\315\314L??5\316B\340*\203A\201C36\376\375\376>Eo\"?/M\027\277\315\314L?\315\314L?\315\314L?\371\017\315B\353/\216\237\276\023\320*#\177\021\277\256\351\326>j\'5\277\315\314L?\315\314L?\315\314L?\274\261\230Aw&\364@\255\220+@)}\024?\'s\023\277\'s\023\277\315\314L?\315\314L?\315\314L?\274\261\230Ax&\364@\347l\307\276)}\024?\'s\023\277\'s\023?\315\314L?\315\314L?\315\314L?\274\261\230A\3172+A\327l\307\276)}\024?\'s\023?\'s\023?\315\314L?\315\314L?\315\314L?\274\261\230A\3172+A\257\220+@)}\024?\'s\023?\'s\023\277\315\314L?\315\314L?\315\314L?"
IndexBuffer: "\000\001\002\003\001\002\004\005\006\004\007\005\010\t\n\010\t\013\006\005\013\005\013\010\014\r\016\017\020\021\022\000\001\023\022\000\022\023\024\024\003\002\025\024\003\022\024\025\016\026\027\027\014\016\014\030\r\017\031\032\032\020\017\020\033\021\000\034\035\035\023\000\003\001\004\004\006\003\026\016\017\017\031\026\016\005\010\010\017\016\002\024\036\036\037\002\n\021\r\r\007\n\023\024\036\036\035\023\020\032\027\027\014\020\021\033\030\030\r\021\000\034\037\037\002\000\013\006\003\003\025\013\004\006\013\013\t\004\022\025\003\003\001\022\022\001\004\004\t\022\032\031\026\026\027\032\t\013\025\025\022\t\007\004\t\t\n\007\030\014\020\020\033\030\016\r\007\007\005\016\036\037\034\034\035\036\n\010\017\017\021\n"
