AEONMSH
Version: 1
Center {
  x: 48.0
  y: 47.99999885303862
  z: 7.040007591247559
}
Radii {
  x: 48.0
  y: 48.00000114696138
  z: 7.040007591247559
}
VertexFlags: 131
VertexCount: 16
IndexSize: 1
IndexCount: 84
VertexBuffer: "\232\231\031A\315\314\254B\275GaA5]\232>5]\232>\317\215g\277\315\314L?\315\314L?\315\314L?\000\000\000\000J\361\031\266\256GaA(\315\023\277(\315\023?(\315\023\277\315\314L?\315\314L?\315\314L?\373\017)+\000\000\300B\276GaA(\315\023\277(\315\023\277(\315\023\277\315\314L?\315\314L?\315\314L?\373\017)+\000\000\300By3\2037(\315\023\277(\315\023\277(\315\023?\315\314L?\315\314L?\315\314L?\000\000\000\000\317\301:+\232<\377\037(\315\023\277(\315\023?(\315\023?\315\314L?\315\314L?\315\314L?\232\231\031A\352\006\035+\366\232\326\037\000\000\000\000j\0035?j\0035?\315\314L?\315\314L?\315\314L?\000\000\300B\315\314\254Bt)l7j\0035?\000\000\000\000j\0035?\315\314L?\315\314L?\315\314L?\000\000\300B\000\000\300By3\2037(\315\023?(\315\023\277(\315\023?\315\314L?\315\314L?\315\314L?\232\231\031AI\363\204\265\\\217\302@5]\232>\317\215g?5]\232\276\315\314L?\315\314L?\315\314L?\000\000\300B\000\000\300B\276GaA(\315\023?(\315\023\277(\315\023\277\315\314L?\315\314L?\315\314L?\232\231\031AK\361\031\266\256GaA(\315\023?(\315\023?(\315\023\277\315\314L?\315\314L?\315\314L?\000\000\300B\315\314\254B\275GaA(\315\023?(\315\023?(\315\023\277\315\314L?\315\314L?\315\314L?\000\000\300B\315\314\254Bz\217\302@\317\215g?5]\232>5]\232\276\315\314L?\315\314L?\315\314L?\000\000\300B\000\000\000\000\000\000\000\000(\315\023?(\315\023?(\315\023?\315\314L?\315\314L?\315\314L?\000\000\300BN\363\204\265\\\217\302@(\315\023?(\315\023?(\315\023\277\315\314L?\315\314L?\315\314L?\232\231\031A\315\314\254Bz\217\302@(\315\023?(\315\023?(\315\023\277\315\314L?\315\314L?\315\314L?"
IndexBuffer: "\000\001\002\003\004\005\006\007\003\010\005\004\002\t\000\000\n\001\t\013\000\006\007\014\006\003\005\005\r\006\016\r\006\006\014\016\010\004\001\001\n\010\002\003\007\007\t\002\014\007\t\t\013\014\010\016\r\r\005\010\003\004\001\001\002\003\017\000\n\n\010\017\017\014\016\016\010\017\014\017\000\000\013\014"
