AEONMSH
Version: 1
Center {
  x: 1.5
  y: 0.2199999988079071
  z: -1.5
}
Radii {
  x: 1.5
  y: 0.2199999988079071
  z: 1.5
}
VertexFlags: 67
VertexCount: 25
IndexSize: 1
IndexCount: 84
VertexBuffer: "\232\231\231>\315\314,\300\237G\341\2765]\232>0]\232\276\320\215g?\266\2655?\375\374|>\245\244$>\000\000\000\000P\361\231\263\256G\341\276(\315\023\277&\315\023\277*\315\023?\266\2655?\375\374|>\245\244$>\373\017\251(\000\000@\300\236G\341\276(\315\023\277*\315\023?&\315\023?\266\2655?\375\374|>\245\244$>\373\017\251(\000\000@\300y3\0035(\315\023\277&\315\023?*\315\023\277\245\244$?\263\2622?\274\273;?\000\000\000\000\317\301\272\250\232<\177\035(\315\023\277*\315\023\277&\315\023\277\245\244$?\263\2622?\274\273;?\232\231\231>\352\006\235\250\366\232V\035\000\000\000\000l\0035\277h\0035\277\245\244$?\263\2622?\274\273;?\000\000@@\315\314,\300t)\3544j\0035?\014c\367\263j\0035\277\266\2655?\375\374|>\245\244$>\000\000@@\000\000@\300y3\0035(\315\023?&\315\023?*\315\023\277\266\2655?\375\374|>\245\244$>\373\017\251(\000\000@\300y3\0035(\315\023\277&\315\023?*\315\023\277\266\2655?\375\374|>\245\244$>\232\231\231>S\363\004\263\\\217B\2765]\232>\316\215g\277:]\232>\245\244$?\263\2622?\274\273;?\000\000@@\000\000@\300\236G\341\276(\315\023?*\315\023?&\315\023?\266\2655?\375\374|>\245\244$>\232\231\231>O\361\231\263\256G\341\276(\315\023?&\315\023\277*\315\023?\266\2655?\375\374|>\245\244$>\000\000@@\315\314,\300\237G\341\276(\315\023?&\315\023\277*\315\023?\266\2655?\375\374|>\245\244$>\000\000@@\315\314,\300>\217B\276\317\215g?3]\232\2767]\232>\266\2655?\375\374|>\245\244$>\000\000@@\000\000\000\000\000\000\000\000(\315\023?*\315\023\277&\315\023\277\245\244$?\263\2622?\274\273;?\000\000@@N\363\004\263\\\217B\276(\315\023?&\315\023\277*\315\023?\245\244$?\263\2622?\274\273;?\000\000@@\315\314,\300t)\3544j\0035?\014c\367\263j\0035\277\245\244$?\263\2622?\274\273;?\000\000@@\315\314,\300>\217B\276\317\215g?3]\232\2767]\232>\363\362\362>\312\311I?\365\364t>\000\000@@N\363\004\263\\\217B\276(\315\023?&\315\023\277*\315\023?\363\362\362>\312\311I?\365\364t>\000\000@@\000\000\000\000\000\000\000\000(\315\023?*\315\023\277&\315\023\277\363\362\362>\312\311I?\365\364t>\000\000@@\315\314,\300t)\3544j\0035?\014c\367\263j\0035\277\363\362\362>\312\311I?\365\364t>\000\000@@N\363\004\263\\\217B\276(\315\023?&\315\023\277*\315\023?\266\2655?\375\374|>\245\244$>\232\231\231>S\363\004\263\\\217B\2765]\232>\316\215g\277:]\232>\266\2655?\375\374|>\245\244$>\232\231\231>\315\314,\300>\217B\276(\315\023?&\315\023\277*\315\023?\266\2655?\375\374|>\245\244$>\000\000\000\000\317\301\272\250\232<\177\035(\315\023\277*\315\023\277&\315\023\277\266\2655?\375\374|>\245\244$>"
IndexBuffer: "\000\001\002\003\004\005\006\007\010\t\005\004\002\n\000\000\013\001\n\014\000\006\007\r\016\005\t\t\017\016\020\003\005\005\016\020\021\022\023\023\024\021\r\007\n\n\014\r\r\025\026\026\027\r\027\000\014\014\r\027\001\002\010\010\030\001\010\007\n\n\002\010\001\013\026\026\030\001\027\000\013\013\026\027"
