AEONMSH
Version: 1
Center {
  x: 1.5
  y: 0.2199999988079071
  z: -1.5
}
Radii {
  x: 1.5
  y: 0.2199999988079071
  z: 1.5
}
VertexFlags: 67
VertexCount: 28
IndexSize: 1
IndexCount: 156
VertexBuffer: "\232\231\231>\001\000@\277T\217B\276x\t<?UA\243=Y\201,?\266\2655?\375\374|>\245\244$>\232\231\231>\000\000\020\300C\217B\276\375y~?\272\361\334\275\217\001Q\274\266\2655?\375\374|>\245\244$>\232\231\231>\000\000@\300\236G\341\276(\315\023?*\315\023?&\315\023?\266\2655?\375\374|>\245\244$>\315\314,@\000\000\020\300C\217B\276\375y~\277\272\361\334\275\217\001Q\274\266\2655?\375\374|>\245\244$>\315\314,@\001\000@\277T\217B\276x\t<\277UA\243=Y\201,?\266\2655?\375\374|>\245\244$>\315\314,@M\361\231\263\256G\341\276(\315\023\277*\315\023\277&\315\023\277\266\2655?\375\374|>\245\244$>\316\016\234(\000\000@\300y3\0035(\315\023\277*\315\023?&\315\023?\266\2655?\375\374|>\245\244$>\232\231\231>\000\000@\300y3\0035\000\000\000\000l\0035?h\0035?\266\2655?\375\374|>\245\244$>\232\231\231>\000\000@\300;\217B\2765]\232>\316\215g?:]\232\276\266\2655?\375\374|>\245\244$>\232\231\231>S\363\004\263\\\217B\276(\315\023?&\315\023\277*\315\023?\266\2655?\375\374|>\245\244$>\232\231\231>\316\016\234\250\340GU\035\000\000\000\000L\357.4\000\000\200?\266\2655?\375\374|>\245\244$>\000\000\000\000(\021\266\250\263\323x\035(\315\023\277&\315\023\277*\315\023?\266\2655?\375\374|>\245\244$>\232\231\231>O\361\231\263\256G\341\276(\315\023?&\315\023\277*\315\023?\266\2655?\375\374|>\245\244$>\232\231\231>\000\000\220\277\264\314\314\275]{.?p\021\260=t\005:?\266\2655?\375\374|>\245\244$>\232\231\231>\000\000\360\277\244\314\314\275]{.?P\021\260\275t\005:?\266\2655?\375\374|>\245\244$>\315\314,@\000\000@\300y3\0035\000\000\000\000L\357.4\000\000\200?\266\2655?\375\374|>\245\244$>\315\314,@\000\000@\300;\217B\276(\315\023\277*\315\023\277&\315\023\277\266\2655?\375\374|>\245\244$>\000\000@@\000\000@\300y3\0035(\315\023?&\315\023\277*\315\023?\266\2655?\375\374|>\245\244$>\000\000@@\000\000\000\000\000\000\000\000(\315\023?&\315\023\277*\315\023?\266\2655?\375\374|>\245\244$>\315\314,@\216\023\320\246\313/\216\033\000\000\000\000L\357.4\000\000\200?\266\2655?\375\374|>\245\244$>\315\314,@N\363\004\263\\\217B\276(\315\023\277&\315\023\277*\315\023?\266\2655?\375\374|>\245\244$>\315\314,@\000\000@\300\236G\341\276(\315\023\277*\315\023\277&\315\023\277\266\2655?\375\374|>\245\244$>\315\314,@\000\000\360\277\244\314\314\275]{.\277P\021\260\275t\005:?\266\2655?\375\374|>\245\244$>\315\314,@\000\000\220\277\264\314\314\275]{.\277p\021\260=t\005:?\266\2655?\375\374|>\245\244$>\316\016\234(\000\000@\300\236G\341\276(\315\023\277*\315\023?&\315\023?\266\2655?\375\374|>\245\244$>\000\000@@\000\000@\300\236G\341\276(\315\023?*\315\023\277&\315\023\277\266\2655?\375\374|>\245\244$>\000\000\000\000P\361\231\263\256G\341\276(\315\023\277&\315\023\277*\315\023?\266\2655?\375\374|>\245\244$>\000\000@@M\361\231\263\256G\341\276(\315\023?*\315\023\277&\315\023\277\266\2655?\375\374|>\245\244$>"
IndexBuffer: "\000\001\002\003\004\005\006\007\010\t\n\013\014\t\000\000\r\016\001\010\002\000\016\001\002\014\000\017\020\021\022\023\024\025\020\003\003\026\027\004\024\005\003\027\004\005\025\003\020\010\001\001\003\020\024\t\n\n\023\024\030\006\010\010\002\030\007\017\023\023\n\007\020\025\031\031\021\020\022\023\017\017\021\022\030\002\014\014\032\030\003\026\016\016\001\003\033\022\024\024\005\033\026\027\r\r\016\026\004\024\t\t\000\004\027\004\000\000\r\027\006\007\n\n\013\006\032\030\006\006\013\032\033\022\021\021\031\033\025\005\033\033\031\025\032\014\t\t\013\032\007\017\020\020\010\007"
