AEONMSH
Version: 1
Center {
  x: 48.0
  y: 47.99999885303839
  z: 7.040007591247559
}
Radii {
  x: 48.0
  y: 48.00000114696161
  z: 7.040007591247559
}
VertexFlags: 131
VertexCount: 18
IndexSize: 1
IndexCount: 96
VertexBuffer: "\232\231\031A\352\006\035+\366\232\326\037\000\000\000\000\000\000\000\000\000\000\200?\315\314L?\315\314L?\315\314L?\232\231\031AI\363\204\265\\\217\302@(\315\023\277(\315\023\277(\315\023\277\315\314L?\315\314L?\315\314L?\000\000\000\000\317\301:+\232<\377\037(\315\023\277(\315\023\277(\315\023?\315\314L?\315\314L?\315\314L?\000\000\300B\000\000\300B\276GaA(\315\023?(\315\023\277(\315\023?\315\314L?\315\314L?\315\314L?\316\016\034+\000\000\300B\276GaA(\315\023\277(\315\023\277(\315\023?\315\314L?\315\314L?\315\314L?\315\314\254B\315\314\254B\275GaA5]\232>5]\232>\317\215g?\315\314L?\315\314L?\315\314L?\316\016\034+\000\000\300By3\2037(\315\023\277(\315\023\277(\315\023?\315\314L?\315\314L?\315\314L?\000\000\300B\000\000\000\000\000\000\000\000(\315\023?(\315\023?(\315\023?\315\314L?\315\314L?\315\314L?\000\000\300B\000\000\300By3\2037(\315\023?(\315\023\277(\315\023?\315\314L?\315\314L?\315\314L?\315\314\254B\326\314\205)\227\3346\036\000\000\000\000j\0035?j\0035?\315\314L?\315\314L?\315\314L?\000\000\000\000J\361\031\266\256GaA(\315\023\277(\315\023\277(\315\023?\315\314L?\315\314L?\315\314L?\232\231\031A\315\314\254B\275GaA5]\232\2765]\232>\317\215g?\315\314L?\315\314L?\315\314L?\232\231\031AK\361\031\266\256GaA(\315\023\277(\315\023\277(\315\023?\315\314L?\315\314L?\315\314L?\315\314\254BM\361\031\266\256GaA(\315\023?(\315\023?(\315\023?\315\314L?\315\314L?\315\314L?\000\000\300BM\361\031\266\256GaA(\315\023?(\315\023?(\315\023?\315\314L?\315\314L?\315\314L?\315\314\254BM\363\204\265\\\217\302@5]\232>\317\215g?5]\232\276\315\314L?\315\314L?\315\314L?\232\231\031A\315\314\254Bz\217\302@(\315\023\277(\315\023?(\315\023\277\315\314L?\315\314L?\315\314L?\315\314\254B\315\314\254Bz\217\302@(\315\023?(\315\023?(\315\023\277\315\314L?\315\314L?\315\314L?"
IndexBuffer: "\000\001\002\003\004\005\006\002\000\007\010\t\004\n\013\n\014\013\r\016\005\004\013\005\005\016\003\007\t\017\013\020\001\001\014\013\006\000\t\t\010\006\017\r\016\016\007\017\020\021\017\017\001\020\r\017\021\021\005\r\001\014\n\n\002\001\021\020\013\013\005\021\006\002\n\n\004\006\006\010\003\003\004\006\010\003\016\016\007\010\017\t\000\000\001\017"
