AEONMSH
Version: 1
Center {
  x: 1.5
  y: 0.2199999988079071
  z: -1.5
}
Radii {
  x: 1.5
  y: 0.2199999988079071
  z: 1.5
}
VertexFlags: 67
VertexCount: 28
IndexSize: 1
IndexCount: 96
VertexBuffer: "\232\231\231>\352\006\235\250\366\232V\035\000\000\000\000L\357.\264\000\000\200\277\266\2655?\375\374|>\245\244$>\232\231\231>S\363\004\263\\\217B\276(\315\023\277*\315\023?&\315\023?\266\2655?\375\374|>\245\244$>\000\000\000\000\317\301\272\250\232<\177\035(\315\023\277&\315\023?*\315\023\277\266\2655?\375\374|>\245\244$>\000\000@@\000\000@\300\236G\341\276(\315\023?&\315\023?*\315\023\277\266\2655?\375\374|>\245\244$>\316\016\234(\000\000@\300\236G\341\276(\315\023\277&\315\023?*\315\023\277\266\2655?\375\374|>\245\244$>\315\314,@\315\314,\300\237G\341\2765]\232>:]\232\276\316\215g\277\266\2655?\375\374|>\245\244$>\316\016\234(\000\000@\300y3\0035(\315\023\277&\315\023?*\315\023\277\266\2655?\375\374|>\245\244$>\000\000@@\000\000\000\000\000\000\000\000(\315\023?*\315\023\277&\315\023\277\245\244$?\263\2622?\274\273;?\000\000@@\000\000@\300y3\0035(\315\023?&\315\023?*\315\023\277\245\244$?\263\2622?\274\273;?\315\314,@\326\314\005\247\227\334\266\033\000\000\000\000l\0035\277h\0035\277\245\244$?\263\2622?\274\273;?\315\314,@O\363\004\263\\\217B\2765]\232>\316\215g\277:]\232>\245\244$?\263\2622?\274\273;?\315\314,@M\361\231\263\256G\341\276(\315\023?*\315\023\277&\315\023\277\245\244$?\263\2622?\274\273;?\000\000@@M\361\231\263\256G\341\276(\315\023?*\315\023\277&\315\023\277\245\244$?\263\2622?\274\273;?\000\000\000\000P\361\231\263\256G\341\276(\315\023\277&\315\023?*\315\023\277\266\2655?\375\374|>\245\244$>\232\231\231>\315\314,\300\237G\341\2765]\232\276:]\232\276\316\215g\277\266\2655?\375\374|>\245\244$>\232\231\231>O\361\231\263\256G\341\276(\315\023\277&\315\023?*\315\023\277\266\2655?\375\374|>\245\244$>\315\314,@M\361\231\263\256G\341\276(\315\023?*\315\023\277&\315\023\277\266\2655?\375\374|>\245\244$>\000\000@@M\361\231\263\256G\341\276(\315\023?*\315\023\277&\315\023\277\266\2655?\375\374|>\245\244$>\315\314,@\315\314,\300>\217B\276(\315\023?&\315\023\277*\315\023?\245\244$?\263\2622?\274\273;?\315\314,@\315\314,\300\237G\341\2765]\232>:]\232\276\316\215g\277\245\244$?\263\2622?\274\273;?\232\231\231>\315\314,\300\237G\341\2765]\232\276:]\232\276\316\215g\277\245\244$?\263\2622?\274\273;?\232\231\231>\315\314,\300>\217B\276(\315\023\277&\315\023\277*\315\023?\245\244$?\263\2622?\274\273;?\316\016\234(\000\000@\300y3\0035(\315\023\277&\315\023?*\315\023\277\245\244$?\263\2622?\274\273;?\232\231\231>\352\006\235\250\366\232V\035\000\000\000\000L\357.\264\000\000\200\277\245\244$?\263\2622?\274\273;?\232\231\231>S\363\004\263\\\217B\276(\315\023\277*\315\023?&\315\023?\245\244$?\263\2622?\274\273;?\232\231\231>O\361\231\263\256G\341\276(\315\023\277&\315\023?*\315\023\277\245\244$?\263\2622?\274\273;?\000\000@@\000\000\000\000\000\000\000\000(\315\023?*\315\023\277&\315\023\277\266\2655?\375\374|>\245\244$>\000\000@@\000\000@\300y3\0035(\315\023?&\315\023?*\315\023\277\266\2655?\375\374|>\245\244$>"
IndexBuffer: "\000\001\002\003\004\005\006\002\000\007\010\t\007\n\013\013\014\007\004\r\016\r\017\016\020\021\005\004\016\005\005\021\003\007\t\n\022\023\013\013\n\022\024\023\022\022\025\024\t\010\026\026\027\t\027\030\n\n\t\027\n\030\025\025\022\n\030\031\024\024\025\030\r\004\006\006\002\r\021\032\033\033\003\021\001\017\r\r\002\001\033\003\004\004\006\033"
