AEONMSH
Version: 1
Center {
  x: 1.100000023841858
  y: 3.1500000953674316
  z: -0.10000000149011612
}
Radii {
  x: 1.100000023841858
  y: 3.1500000953674316
  z: 0.10000000149011612
}
VertexFlags: 67
VertexCount: 18
IndexSize: 1
IndexCount: 78
VertexBuffer: "\315\314L>\331\302\211\265\232\231\311\300\037\273\017?.\313\025?*\313\025?\350\347g?\351\350h?\354\353k?\315\314L>\336\315L\275\000\000\310\300\2341N?\201Q\301\276\326\335\351>\350\347g?\351\350h?\354\353k?\315\314L>\022\315L\276\232\231\311\300\000\000\000\000h\0035\277l\0035?\350\347g?\351\350h?\354\353k?\315\314L>\236\315L\275\364\375\230\300\361\221x\276>7\036\277}i?\277\350\347g?\351\350h?\354\353k?\315\314L>\336\231\031\276\000\000\310\300{\277=\277\271\365\332>\010s\004?\350\347g?\351\350h?\354\353k?\315\314\014@\276\315L\275\372~\260\300\255\243V\277\027\201\013\277I\250\2763\245\244$?\263\2622?\274\273;?\315\314L>\236\315L\275\364\375\230\300\361\221x\276>7\036\277}i?\277\245\244$?\263\2622?\274\273;?\315\314L>\336\315L\275\000\000\310\300\2341N?\201Q\301\276\326\335\351>\245\244$?\263\2622?\274\273;?\315\314\014@\326\231\031\276\372~\260\300\255\243V\277\027\201\013?I\250\276\263\245\244$?\263\2622?\274\273;?\315\314L>\336\231\031\276\000\000\310\300{\277=\277\271\365\332>\010s\004?\245\244$?\263\2622?\274\273;?\315\314L>\316\231\031\276\364\375\230\300\355}v\277^\0210>\254\001U\276\245\244$?\263\2622?\274\273;?\315\314L>\315\314L\276\243\362\0133(\305\023\277*\317\023\277&\317\023\277\350\347g?\351\350h?\354\353k?\315\314L>\000\000\000\000\000\000\000\000(\315\023\277&\315\023?*\315\023\277\350\347g?\351\350h?\354\353k?\315\314L>\315\314L\276\243\362\0133(\305\023\277*\317\023\277&\317\023\277\245\244$?\263\2622?\274\273;?\000\000\000\000\315\314L\276\243\362\0133(\315\023\277*\315\023\277&\315\023\277\350\347g?\351\350h?\354\353k?\000\000\000\000\000\000\000\000\000\000\000\000(\315\023\277&\315\023?*\315\023\277\350\347g?\351\350h?\354\353k?\000\000\000\000\331\302\211\265\232\231\311\300(\315\023\277*\315\023?&\315\023?\350\347g?\351\350h?\354\353k?\000\000\000\000\022\315L\276\232\231\311\300(\315\023\277&\315\023\277*\315\023?\350\347g?\351\350h?\354\353k?"
IndexBuffer: "\000\001\002\001\000\003\002\001\004\005\006\007\010\t\n\000\013\003\014\000\013\n\r\006\t\r\n\013\004\002\006\005\010\010\n\006\005\007\t\t\010\005\014\013\016\016\017\014\020\021\002\002\000\020\t\n\006\006\007\t\017\020\021\021\016\017\014\000\020\020\017\014\016\021\002\002\013\016"
