AEONMSH
Version: 1
Center {
  x: 35.20000076293945
  y: 3.199983625278037
  z: 100.80000305175781
}
Radii {
  x: 35.20000076293945
  y: 3.2000164700893947
  z: 100.80000305175781
}
VertexFlags: 67
VertexCount: 14
IndexSize: 1
IndexCount: 78
VertexBuffer: "\315\314\314@\331\302\t\270\232\231IC\037\273\017?,\313\025\277,\313\025\277\315\314L?\315\314L?\315\314L?\315\314\314@\274\313\314?\000\000HC\2341N?\203Q\301>\324\335\351\276\315\314L?\315\314L?\315\314L?\315\314\314@\210\314\314@\232\231IC\000\000\000\000j\0035?j\0035\277\315\314L?\315\314L?\315\314L?\315\314\314@\374\313\314?\364\375\030C\361\231x\276<9\036?\177g??\315\314L?\315\314L?\315\314L?\315\314\314@V\231\231@\000\000HC{\277=\277\266\365\332\276\ts\004\277\315\314L?\315\314L?\315\314L?\315\314\214B\334\313\314?\372~0C\255\243V\277\027\201\013?\000\000\000\000\315\314L?\315\314L?\315\314L?\315\314\214B^\231\231@\372~0C\255\243V\277\027\201\013\277\000\000\000\000\315\314L?\315\314L?\315\314L?\315\314\314@f\231\231@\364\375\030C\355}v\277`\0210\276\252\001U>\315\314L?\315\314L?\315\314L?\315\314\314@\315\314\314@\243\362\2135\'\277\023\277(\323\023?(\323\023?\315\314L?\315\314L?\315\314L?\315\314\314@\000\000\000\000\000\000\000\000(\315\023\277(\315\023\277(\315\023?\315\314L?\315\314L?\315\314L?\000\000\000\000\000\000\000\000\000\000\000\000(\315\023\277(\315\023\277(\315\023?\315\314L?\315\314L?\315\314L?\000\000\000\000\315\314\314@\243\362\2135(\315\023\277(\315\023?(\315\023?\315\314L?\315\314L?\315\314L?\000\000\000\000\331\302\t\270\232\231IC(\315\023\277(\315\023\277(\315\023\277\315\314L?\315\314L?\315\314L?\000\000\000\000\210\314\314@\232\231IC(\315\023\277(\315\023?(\315\023\277\315\314L?\315\314L?\315\314L?"
IndexBuffer: "\000\001\002\001\000\003\002\001\004\005\003\001\006\004\007\000\010\003\t\000\010\007\010\003\004\010\007\010\004\002\n\t\010\010\013\n\000\014\r\r\002\000\007\003\005\005\006\007\013\r\002\002\010\013\001\004\007\007\003\001\t\000\014\014\n\t\014\r\013\013\n\014\005\001\004\004\006\005"
