AEONMSH
Version: 1
Center {
  x: 48.0
  y: 47.99999885303839
  z: 7.040007591247559
}
Radii {
  x: 48.0
  y: 48.00000114696161
  z: 7.040007591247559
}
VertexFlags: 67
VertexCount: 28
IndexSize: 1
IndexCount: 168
VertexBuffer: "\316\016\034+\000\000\300By3\20374\007\032?4\007\032\277\r{\006?\315\314L?\315\314L?\315\314L?\232\231\031A\316\016\034+\340G\325\037\000\000\000\000\311Sd?\317\205\347\276\315\314L?\315\314L?\315\314L?\000\000\000\000(\0216+\263\323\370\037(\315\023?(\315\023?(\315\023\277\315\314L?\315\314L?\315\314L?\232\231\031AI\363\204\265\\\217\302@C\275\241\276\345\235r?lA6\275\315\314L?\315\314L?\315\314L?ff\346A\377\377\277Ad\217\302@b\3050?b\3050?\271i\\>\315\314L?\315\314L?\315\314L?\232\231\031A\000\000\300B}\217\302@@\035\240\276\340/p\277/a\027>\315\314L?\315\314L?\315\314L?ff\346A\000\000\300Ay3\2036h\0374?h\0374?\226\001\313=\315\314L?\315\314L?\315\314L?ff\346A\000\000\220B6\315D75]\232>5]\232>\317\215g?\315\314L?\315\314L?\315\314L?\232\231\031A\000\000\300By3\2037\000\000\000\000j\0035\277j\0035?\315\314L?\315\314L?\315\314L?\315\314\254BN\363\204\265\\\217\302@j\3714?j\3714\277[\201\255\274\315\314L?\315\314L?\315\314L?ff\206B\377\377\277Ad\217\302@h\0374\277h\0374?\226\001\313\275\315\314L?\315\314L?\315\314L?ff\206B\000\000\220B6\315D75]\232\2765]\232>\317\215g?\315\314L?\315\314L?\315\314L?ff\206B\000\000\300Ay3\2036h\0374\277h\0374?\226\001\313=\315\314L?\315\314L?\315\314L?\315\314\254B\216\023P)\313/\016\036\000\000\000\000\000\000\000\000\000\000\200?\315\314L?\315\314L?\315\314L?\315\314\254B\000\000\300By3\2037\000\000\000\000j\0035\277j\0035?\315\314L?\315\314L?\315\314L?\315\314\254B\000\000\300B}\217\302@5]\232>\317\215g\2775]\232>\315\314L?\315\314L?\315\314L?ff\206B\000\000\220Bu\217\302@S\211\251\276S\211\251>\304/b?\315\314L?\315\314L?\315\314L?ff\346A\000\000\220Bu\217\302@h\0374?h\0374?\226\001\313\275\315\314L?\315\314L?\315\314L?\000\000\300B\000\000\300By3\2037(\315\023?(\315\023\277(\315\023?\315\314L?\315\314L?\315\314L?\000\000\300B\000\000\000\000\000\000\000\000(\315\023?(\315\023\277(\315\023?\315\314L?\315\314L?\315\314L?\000\000\000\000J\361\031\266\256GaA(\315\023?(\315\023?(\315\023\277\315\314L?\315\314L?\315\314L?\232\231\031AK\361\031\266\256GaA(\315\023\277(\315\023?(\315\023\277\315\314L?\315\314L?\315\314L?\000\000\300B\000\000\300B\276GaA(\315\023?(\315\023\277(\315\023?\315\314L?\315\314L?\315\314L?\000\000\300BM\361\031\266\256GaA(\315\023?(\315\023\277(\315\023?\315\314L?\315\314L?\315\314L?\232\231\031A\000\000\300B\276GaA(\315\023\277(\315\023\277(\315\023\277\315\314L?\315\314L?\315\314L?\316\016\034+\000\000\300B\276GaA(\315\023?(\315\023\277(\315\023\277\315\314L?\315\314L?\315\314L?\315\314\254BM\361\031\266\256GaA(\315\023?(\315\023\277(\315\023?\315\314L?\315\314L?\315\314L?\315\314\254B\000\000\300B\276GaA(\315\023?(\315\023\277(\315\023?\315\314L?\315\314L?\315\314L?"
IndexBuffer: "\000\001\002\003\004\005\006\007\010\004\t\n\t\003\004\010\000\001\006\010\001\013\014\r\r\016\013\017\020\t\020\t\n\004\005\021\000\010\005\003\001\002\017\016\022\t\r\023\r\001\006\006\014\r\t\r\001\001\003\t\003\002\024\024\025\003\022\026\027\027\023\022\005\003\025\025\030\005\005\030\031\031\000\005\n\020\013\013\014\n\t\023\027\027\032\t\007\021\020\020\013\007\021\004\006\006\007\021\007\013\016\016\010\007\024\002\000\000\031\024\017\005\021\021\020\017\017\022\026\026\033\017\r\023\022\022\016\r\032\t\017\017\033\032\033\032\027\027\026\033\024\031\030\030\025\024\004\n\014\014\006\004\005\010\016\016\017\005"
