AEONMSH
Version: 1
Center {
  x: 48.0
  y: 47.99999885303839
  z: 7.040007591247559
}
Radii {
  x: 48.0
  y: 48.00000114696161
  z: 7.040007591247559
}
VertexFlags: 67
VertexCount: 28
IndexSize: 1
IndexCount: 162
VertexBuffer: "e\217\"+\000\000\300B\276GaA(\315\023?(\315\023\277(\315\023\277\315\314L?\315\314L?\315\314L?\232\231\031A\377\377oB\270GaA\211\201D>#\231\221\276\341up\277\315\314L?\315\314L?\315\314L?\232\231\031A\377\377\017B\264GaA\026\343\n\277\234\317M\277\362Ay\276\315\314L?\315\314L?\315\314L?\232\231\031A\000\000\300B\276GaA(\315\023?(\315\023\277(\315\023\277\315\314L?\315\314L?\315\314L?\232\231\031A\000\000\220Bu\217\302@K\265%?\304)b\276u\277:\277\315\314L?\315\314L?\315\314L?\232\231\031A\000\000\300B}\217\302@5]\232>\317\215g\2775]\232\276\315\314L?\315\314L?\315\314L?\315\314\254B\000\000\220Bu\217\302@r\3618?\232)M\276Si)\277\315\314L?\315\314L?\315\314L?\315\314\254B\377\377\017B\264GaA\354\341u?\021a\210\276J!\245\275\315\314L?\315\314L?\315\314L?\315\314\254B\377\377\277Ad\217\302@r\3618?\232)M\276Si)?\315\314L?\315\314L?\315\314L?\315\314\254B\377\377oB\270GaAr\3618?\232)M\276Si)\277\315\314L?\315\314L?\315\314L?\000\000\300BM\361\031\266\256GaA(\315\023?(\315\023\277(\315\023\277\315\314L?\315\314L?\315\314L?\315\314\254B\000\000\300By3\2037\000\000\000\000\000\000\000\000\000\000\200?\315\314L?\315\314L?\315\314L?\315\314\254B\000\000\300B}\217\302@(\315\023?(\315\023?(\315\023\277\315\314L?\315\314L?\315\314L?\000\000\300B\000\000\300By3\2037(\315\023?(\315\023?(\315\023?\315\314L?\315\314L?\315\314L?\232\231\031A\316\016\034+\340G\325\037\000\000\000\000\000\000\000\000\000\000\200?\315\314L?\315\314L?\315\314L?\232\231\031AI\363\204\265\\\217\302@(\315\023\277(\315\023\277(\315\023?\315\314L?\315\314L?\315\314L?\000\000\000\000(\0216+\263\323\370\037(\315\023?(\315\023\277(\315\023?\315\314L?\315\314L?\315\314L?\315\314\254BM\361\031\266\256GaA(\315\023?(\315\023\277(\315\023\277\315\314L?\315\314L?\315\314L?\315\314\254BN\363\204\265\\\217\302@(\315\023?(\315\023\277(\315\023?\315\314L?\315\314L?\315\314L?\232\231\031AK\361\031\266\256GaA(\315\023\277(\315\023\277(\315\023\277\315\314L?\315\314L?\315\314L?\232\231\031A\377\377\277Ad\217\302@K\265%\277\304)b\276u\277:?\315\314L?\315\314L?\315\314L?\315\314\254B\000\000\300B\276GaA(\315\023?(\315\023?(\315\023\277\315\314L?\315\314L?\315\314L?e\217\"+\000\000\300By3\2037(\315\023?(\315\023\277(\315\023?\315\314L?\315\314L?\315\314L?\232\231\031A\000\000\300By3\2037\000\000\000\000j\0035\277j\0035?\315\314L?\315\314L?\315\314L?\000\000\000\000J\361\031\266\256GaA(\315\023?(\315\023\277(\315\023\277\315\314L?\315\314L?\315\314L?\000\000\300B\000\000\300B\276GaA(\315\023?(\315\023?(\315\023\277\315\314L?\315\314L?\315\314L?\315\314\254B\216\023P)\313/\016\036\000\000\000\000\000\000\000\000\000\000\200?\315\314L?\315\314L?\315\314L?\000\000\300B\000\000\000\000\000\000\000\000(\315\023?(\315\023\277(\315\023?\315\314L?\315\314L?\315\314L?"
IndexBuffer: "\000\001\002\003\004\005\006\007\010\007\t\n\013\014\r\016\017\020\010\021\022\023\024\017\025\006\014\026\027\005\023\030\002\000\003\001\002\030\000\003\001\004\006\t\007\031\n\t\021\007\n\t\025\031\022\032\033\010\007\021\023\002\024\025\t\006\017\023\030\030\020\017\022\033\n\n\021\022\r\031\n\n\033\r\014\025\031\031\r\014\001\002\007\007\t\001\014\006\004\004\005\014\005\027\013\013\014\005\r\013\032\032\033\r\022\032\016\016\017\022\013\027\016\016\032\013\020\016\027\027\026\020\t\001\004\004\006\t\005\003\000\000\026\005\010\024\017\017\022\010\030\020\026\026\000\030\024\010\007\007\002\024"
