AEONMSH
Version: 1
Center {
  x: 48.0
  y: 47.99999885303862
  z: 13.440006256103516
}
Radii {
  x: 48.0
  y: 48.00000114696138
  z: 13.440006256103516
}
VertexFlags: 67
VertexCount: 26
IndexSize: 1
IndexCount: 123
VertexBuffer: "\232\231\031A\316\016\034+\340G\325\037\000\000\000\000j\0035\277j\0035?\315\314L?\315\314L?\315\314L?\232\231\031AI\363\204\265\\\217\302@5]\232\276\317\215g\2775]\232>\315\314L?\315\314L?\315\314L?\000\000\000\000\277\221<+T\333\000 (\315\023\277(\315\023\277(\315\023?\315\314L?\315\314L?\315\314L?\232\231\031A\355BoB\270GaA\344\357q?3i\231\276\013\261\005\276\315\314L?\315\314L?\315\314L?\000\000\000\000J\361\031\266\256GaA(\315\023\277(\315\023\277(\315\023\277\315\314L?\315\314L?\315\314L?\373\017)+\000\000\300B\276GaA(\315\023\277(\315\023\277(\315\023\277\315\314L?\315\314L?\315\314L?\232\231\031A\315\314,Bk\217\302@\301Y\340\276L\361\245\275\312+e?\315\314L?\315\314L?\315\314L?\000\000\300BN\363\204\265\\\217\302@(\315\023?(\315\023\277(\315\023?\315\314L?\315\314L?\315\314L?\000\000\300B\315\314\254B\275GaA(\315\023\277(\315\023\277(\315\023\277\315\314L?\315\314L?\315\314L?33SB\315\314\254Bz\217\302@3\201\231=\034+\016\277\250\005T?\315\314L?\315\314L?\315\314L?\000\000\300B\315\314\254Bz\217\302@(\315\023\277(\315\023\277(\315\023?\315\314L?\315\314L?\315\314L?\232\231\031AK\361\031\266\256GaA(\315\023\277(\315\023\277(\315\023\277\315\314L?\315\314L?\315\314L?\232\231\031A\355BoB\270GaA\344\357q?3i\231\276\013\261\005\276\000\000\200?\000\000\200?\000\000\200?\232\231\031A\315\314\254Bz\217\302@(\315\023?(\315\023?(\315\023?\000\000\200?\000\000\200?\000\000\200?\232\231\031A\315\314\254B\275GaA\361Y\370>\361Y\370>uC:\277\000\000\200?\000\000\200?\000\000\200?\232\231\031A\315\314,Bk\217\302@\301Y\340\276L\361\245\275\312+e?\000\000\200?\000\000\200?\000\000\200?33SB\315\314\254Bz\217\302@3\201\231=\034+\016\277\250\005T?\000\000\200?\000\000\200?\000\000\200?\022\275\020B\315\314\254B\275GaAB9!?t\005:?\031\201\214\276\315\314L?\315\314L?\315\314L?\232\231\031A\314\314\254BD\n\327A\227kK?\026A\213>\026\357\n?\315\314L?\315\314L?\315\314L?\232\231\031A\315\314\254B\275GaA\361Y\370>\361Y\370>uC:\277\315\314L?\315\314L?\315\314L?\232\231\031A\315\314\254Bz\217\302@(\315\023?(\315\023?(\315\023?\315\314L?\315\314L?\315\314L?\373\017)+\000\000\300By3\2037(\315\023\277(\315\023\277(\315\023?\315\314L?\315\314L?\315\314L?\000\000\300B\315\314\254Bt)l7\000\000\000\000\000\000\000\000\000\000\200?\315\314L?\315\314L?\315\314L?\000\000\300B\000\000\300By3\2037(\315\023\277(\315\023\277(\315\023?\315\314L?\315\314L?\315\314L?\000\000\300B\000\000\300B\276GaA(\315\023\277(\315\023\277(\315\023\277\315\314L?\315\314L?\315\314L?\000\000\300B\000\000\000\000\000\000\000\000(\315\023?(\315\023\277(\315\023?\315\314L?\315\314L?\315\314L?"
IndexBuffer: "\000\001\002\003\004\005\006\001\007\010\t\n\013\006\001\014\r\016\r\017\020\021\022\003\023\022\003\022\021\023\021\024\023\025\002\000\026\027\025\005\030\021\010\021\030\013\004\003\023\003\005\005\021\023\027\026\n\007\n\t\t\006\007\010\021\t\013\003\006\014\017\r\021\t\024\004\005\025\025\002\004\030\005\025\025\027\030\t\021\003\003\006\t\n\010\030\030\027\n\004\002\001\001\013\004\000\031\026\026\025\000\026\n\007\007\031\026\031\007\001\001\000\031"
