AEONMSH
Version: 1
Center {
  x: 1.5
  y: 0.2199999988079071
  z: -1.5
}
Radii {
  x: 1.5
  y: 0.2199999988079071
  z: 1.5
}
VertexFlags: 67
VertexCount: 16
IndexSize: 1
IndexCount: 84
VertexBuffer: "\246\023\320\'\232\231\231\276\365\353Q3j\0035\277\014c\367\263j\0035\277\266\2655?\375\374|>\245\244$>\232\231\231>\352\006\235\250\366\232V\035\000\000\000\000L\357.\264\000\000\200\277\266\2655?\375\374|>\245\244$>\000\000@@\000\000@\300y3\0035(\315\023?&\315\023?*\315\023\277\266\2655?\375\374|>\245\244$>\232\231\231>S\363\004\263\\\217B\276(\315\023?&\315\023?*\315\023\277\266\2655?\375\374|>\245\244$>\000\000\000\000\317\301\272\250\232<\177\035(\315\023\277&\315\023?*\315\023\277\266\2655?\375\374|>\245\244$>\000\000@@\000\000\000\000\000\000\000\000(\315\023?*\315\023\277&\315\023\277\266\2655?\375\374|>\245\244$>\316\016\234(\000\000@\300y3\0035(\315\023\277&\315\023?*\315\023\277\266\2655?\375\374|>\245\244$>\316\016\234(\233\231\231\276Y\217B\276\317\215g\2773]\232>7]\232\276\266\2655?\375\374|>\245\244$>\316\016\234(\000\000@\300;\217B\276(\315\023\277&\315\023?*\315\023\277\266\2655?\375\374|>\245\244$>\232\231\231>\233\231\231\276Y\217B\2765]\232>0]\232>\320\215g\277\266\2655?\375\374|>\245\244$>\000\000@@N\363\004\263\\\217B\276(\315\023?*\315\023\277&\315\023\277\266\2655?\375\374|>\245\244$>\000\000@@\000\000@\300;\217B\276(\315\023?&\315\023?*\315\023\277\266\2655?\375\374|>\245\244$>\232\231\231>\234\231\231\276\254G\341\276(\315\023?&\315\023?*\315\023\277\266\2655?\375\374|>\245\244$>\232\231\231>O\361\231\263\256G\341\276(\315\023?&\315\023?*\315\023\277\266\2655?\375\374|>\245\244$>\000\000\000\000P\361\231\263\256G\341\276(\315\023\277&\315\023?*\315\023\277\266\2655?\375\374|>\245\244$>\000\000\000\000\234\231\231\276\254G\341\276(\315\023\277&\315\023?*\315\023\277\266\2655?\375\374|>\245\244$>"
IndexBuffer: "\000\001\002\001\003\004\000\004\001\001\005\002\002\006\000\007\000\004\010\007\t\t\003\n\007\010\006\006\000\007\t\n\013\013\010\t\n\005\002\002\013\n\010\006\002\002\013\010\t\014\r\r\003\t\003\r\016\016\004\003\007\004\016\016\017\007\t\014\017\017\007\t\n\005\001\001\003\n\014\017\016\016\r\014"
