AEONMSH
Version: 1
Center {
  x: 48.0
  y: 47.99999885303862
  z: 7.040000915527344
}
Radii {
  x: 48.0
  y: 48.00000114696138
  z: 7.040000915527344
}
VertexFlags: 67
VertexCount: 16
IndexSize: 1
IndexCount: 84
VertexBuffer: "\246\023P*\232\231\031A\365\353\3215j\0035\277\000\000\000\000j\0035?\315\314L?\315\314L?\315\314L?\232\231\031A\352\006\035+\366\232\326\037\000\000\000\000\000\000\000\000\000\000\200?\315\314L?\315\314L?\315\314L?\000\000\300B\000\000\300By3\2037(\315\023?(\315\023\277(\315\023?\315\314L?\315\314L?\315\314L?\232\231\031AI\363\204\265\\\217\302@(\315\023?(\315\023\277(\315\023?\315\314L?\315\314L?\315\314L?\000\000\000\000\317\301:+\232<\377\037(\315\023\277(\315\023\277(\315\023?\315\314L?\315\314L?\315\314L?\000\000\300B\000\000\000\000\000\000\000\000(\315\023?(\315\023?(\315\023?\315\314L?\315\314L?\315\314L?\316\016\034+\000\000\300By3\2037(\315\023\277(\315\023\277(\315\023?\315\314L?\315\314L?\315\314L?\316\016\034+\231\231\031A_\217\302@\317\215g\2775]\232\2765]\232>\315\314L?\315\314L?\315\314L?\316\016\034+\000\000\300B}\217\302@(\315\023\277(\315\023\277(\315\023?\315\314L?\315\314L?\315\314L?\232\231\031A\231\231\031A_\217\302@5]\232>5]\232\276\317\215g?\315\314L?\315\314L?\315\314L?\000\000\300BN\363\204\265\\\217\302@(\315\023?(\315\023?(\315\023?\315\314L?\315\314L?\315\314L?\232\231\031A\230\231\031A\260GaA(\315\023?(\315\023\277(\315\023?\315\314L?\315\314L?\315\314L?\000\000\000\000\230\231\031A\260GaA(\315\023\277(\315\023\277(\315\023?\315\314L?\315\314L?\315\314L?\000\000\300B\000\000\300B}\217\302@(\315\023?(\315\023\277(\315\023?\315\314L?\315\314L?\315\314L?\232\231\031AK\361\031\266\256GaA(\315\023?(\315\023\277(\315\023?\315\314L?\315\314L?\315\314L?\000\000\000\000J\361\031\266\256GaA(\315\023\277(\315\023\277(\315\023?\315\314L?\315\314L?\315\314L?"
IndexBuffer: "\000\001\002\001\003\004\000\004\001\001\005\002\002\006\000\007\000\004\010\007\t\t\003\n\007\t\013\013\014\007\r\010\t\t\n\r\003\016\017\017\004\003\013\014\017\017\016\013\007\010\006\006\000\007\003\n\005\005\001\003\007\004\017\017\014\007\r\010\006\006\002\r\r\n\005\005\002\r\t\013\016\016\003\t"
