AEONMSH
Version: 1
Center {
  x: 48.0
  y: 47.99999885303839
  z: 7.040007591247559
}
Radii {
  x: 48.0
  y: 48.00000114696161
  z: 7.040007591247559
}
VertexFlags: 131
VertexCount: 28
IndexSize: 1
IndexCount: 156
VertexBuffer: "\232\231\031A\316\016\034+\340G\325\037\000\000\000\000\000\000\000\000\000\000\200?\315\314L?\315\314L?\315\314L?\232\231\031AI\363\204\265\\\217\302@\201\265@\277r=\271\276\032\307\014?\315\314L?\315\314L?\315\314L?\000\000\000\000\277\221<+T\333\000 (\315\023\277(\315\023\277(\315\023?\315\314L?\315\314L?\315\314L?\315\314\254B\000\000\300By3\2037\000\000\000\000j\0035?j\0035?\315\314L?\315\314L?\315\314L?\315\314\254B\000\000\300B}\217\302@\252!U\276\357Ww?7\261\033>\315\314L?\315\314L?\315\314L?\000\000\300B\000\000\300By3\2037(\315\023?(\315\023?(\315\023?\315\314L?\315\314L?\315\314L?\373\017)+\000\000\300By3\2037(\315\023\277(\315\023\277(\315\023?\315\314L?\315\314L?\315\314L?\232\231\031A\000\000\300By3\2037\000\000\000\000\000\000\000\000\000\000\200?\315\314L?\315\314L?\315\314L?\232\231\031A\000\000\300B}\217\302@\201\265@?r=\271\276\032\307\014?\315\314L?\315\314L?\315\314L?\232\231\031A\000\000\300B\276GaA\336)\357>\314\341e\276\266\355Z\277\315\314L?\315\314L?\315\314L?ff\346A\000\000\220B\272GaAs\2579?\005E\202>G\277#\277\315\314L?\315\314L?\315\314L?\373\017)+\000\000\300B\276GaA(\315\023\277(\315\023\277(\315\023\277\315\314L?\315\314L?\315\314L?ff\346A\377\377\277A\262GaA\007\251\003>w\251\273>\330\343k\277\315\314L?\315\314L?\315\314L?\232\231\031AK\361\031\266\256GaA\336)\357\276\314\341e\276\266\355Z\277\315\314L?\315\314L?\315\314L?\000\000\000\000J\361\031\266\256GaA(\315\023\277(\315\023\277(\315\023\277\315\314L?\315\314L?\315\314L?\000\000\300B\000\000\000\000\000\000\000\000(\315\023?(\315\023?(\315\023?\315\314L?\315\314L?\315\314L?\315\314\254B\253\016\234)\260GU\036\000\000\000\000j\0035?j\0035?\315\314L?\315\314L?\315\314L?\315\314\254BM\363\204\265\\\217\302@8\341\233\276\332\031m?\310\301c>\315\314L?\315\314L?\315\314L?\315\314\254B\000\000\300B\276GaA\\\305\255\276j\3074?>\021\037?\315\314L?\315\314L?\315\314L?ff\206B\000\000\220B\272GaA\007\251\003>w\251\273>\330\343k?\315\314L?\315\314L?\315\314L?\000\000\300B\000\000\300B\276GaA(\315\023?(\315\023?(\315\023?\315\314L?\315\314L?\315\314L?ff\206B\377\377\277A\262GaA\007\251\003>w\251\273\276\330\343k?\315\314L?\315\314L?\315\314L?\315\314\254BM\361\031\266\256GaA\336)\357\276\314\341e>\266\355Z?\315\314L?\315\314L?\315\314L?\000\000\300BM\361\031\266\256GaA(\315\023?(\315\023?(\315\023?\315\314L?\315\314L?\315\314L?ff\346A\377\377\277Ad\217\302@d1\262=\374\001~>\356\375v?\315\314L?\315\314L?\315\314L?ff\346A\000\000\220Bu\217\302@(/\024?\240\351O>\224+J?\315\314L?\315\314L?\315\314L?ff\206B\000\000\220Bu\217\302@d1\262=\374\001~>\356\375v?\315\314L?\315\314L?\315\314L?ff\206B\377\377\277Ad\217\302@d1\262=\374\001~\276\356\375v?\315\314L?\315\314L?\315\314L?"
IndexBuffer: "\000\001\002\003\004\005\006\007\010\t\n\013\014\r\016\017\020\021\022\023\024\025\026\027\021\026\027\027\017\021\r\014\030\030\001\r\010\t\n\n\031\010\016\013\n\n\014\016\010\t\013\013\006\010\032\023\025\025\033\032\026\025\033\033\021\026\030\001\021\021\033\030\007\010\004\004\003\007\020\017\005\005\003\020\031\030\033\033\032\031\006\002\016\016\013\006\010\031\032\032\004\010\032\023\022\022\004\032\004\022\024\024\005\004\014\030\031\031\n\014\001\r\016\016\002\001\025\027\024\024\023\025\006\002\000\000\007\006\005\024\027\027\017\005\021\020\000\000\001\021\003\007\000\000\020\003"
