AEONMSH
Version: 1
Center {
  x: 1.5
  y: 0.2199999988079071
  z: -1.5
}
Radii {
  x: 1.5
  y: 0.2199999988079071
  z: 1.5
}
VertexFlags: 67
VertexCount: 25
IndexSize: 1
IndexCount: 108
VertexBuffer: "r\371+?\000\000\300\277L\217B\276v%;\2773\t\233\276:\205\034?\266\2655?\375\374|>\245\244$>\000\000\000\000S\363\004\263\\\217B\276j\3074\277j\3074\277\301\341P=\266\2655?\375\374|>\245\244$>\000\000\300?s\371+\277U\217B\276\277y\337\276|!9>\303\237a?\266\2655?\375\374|>\245\244$>\316\016\234(\000\000@\300;\217B\276X\377+\277W\377+?C\221\237\276\266\2655?\375\374|>\245\244$>r\371+?\216\001\025\300C\217B\2765]\232\2760]\232>\320\215g\277\266\2655?\375\374|>\245\244$>\000\000@@\000\000@\300;\217B\276X\377+\277W\377+?C\221\237\276\266\2655?\375\374|>\245\244$>\000\000\300?\216\001\025\300C\217B\276\256\371\326\276Z\0312>\310\007d\277\266\2655?\375\374|>\245\244$>\000\000\300?\216\001\025\300\241G\341\276\214\377E\277K\005\244>\027\001\014?\245\244$?\263\2622?\274\273;?r\371+?\001\000\300\277\246G\341\276\311Kd\277y!\275\276\r\271\205>\245\244$?\263\2622?\274\273;?r\371+?\216\001\025\300\241G\341\276(\315\023\277*\315\023?&\315\023?\245\244$?\263\2622?\274\273;?\000\000\300?s\371+\277\252G\341\276\214\377E\277K\005\244>\027\001\014?\266\2655?\375\374|>\245\244$>\216\001\025@\001\000\300\277\246G\341\276\311Kd\277y!\275\276\r\271\205>\266\2655?\375\374|>\245\244$>\216\001\025@s\371+\277\252G\341\276(\315\023\277*\315\023?&\315\023?\266\2655?\375\374|>\245\244$>\216\001\025@s\371+\277U\217B\2765]\232\2760]\232>\320\215g\277\266\2655?\375\374|>\245\244$>\000\000@@N\363\004\263\\\217B\276j\3074\277j\3074\277\301\341P=\266\2655?\375\374|>\245\244$>\216\001\025@\000\000\300\277L\217B\276v%;\2773\t\233\276:\205\034?\266\2655?\375\374|>\245\244$>\000\000\300?\216\001\025\300C\217B\276\256\371\326\276Z\0312>\310\007d\277\245\244$?\263\2622?\274\273;?r\371+?\216\001\025\300C\217B\2765]\232\2760]\232>\320\215g\277\245\244$?\263\2622?\274\273;?r\371+?\000\000\300\277L\217B\276v%;\2773\t\233\276:\205\034?\245\244$?\263\2622?\274\273;?\000\000@@\000\000\000\000\000\000\000\000(\315\023\277&\315\023\277*\315\023?\266\2655?\375\374|>\245\244$>\000\000\000\000\277\221\274\250T\333\200\035(\315\023\277&\315\023\277*\315\023?\266\2655?\375\374|>\245\244$>\316\016\234(\000\000@\300y3\0035(\315\023\277*\315\023?&\315\023?\266\2655?\375\374|>\245\244$>\000\000@@\000\000@\300y3\0035(\315\023\277*\315\023?&\315\023?\266\2655?\375\374|>\245\244$>r\371+?\001\000\300\277\246G\341\276\311Kd\277y!\275\276\r\271\205>\266\2655?\375\374|>\245\244$>r\371+?\216\001\025\300\241G\341\276(\315\023\277*\315\023?&\315\023?\266\2655?\375\374|>\245\244$>"
IndexBuffer: "\000\001\002\003\000\001\004\003\000\003\004\005\005\004\006\007\010\t\n\013\014\r\016\017\002\016\r\016\001\002\005\006\017\016\017\005\020\007\t\t\021\020\022\010\007\007\020\022\023\024\025\025\026\023\003\025\024\024\001\003\006\017\002\002\000\006\017\r\014\014\013\017\r\014\n\n\002\r\002\n\013\013\017\002\000\027\030\030\004\000\005\026\023\023\016\005\001\016\023\023\024\001\003\025\026\026\005\003"
