AEONMSH
Version: 1
Center {
  x: 48.0
  y: 47.99999950472113
  z: 7.040006160736084
}
Radii {
  x: 48.0
  y: 48.00000049527887
  z: 7.040006160736084
}
VertexFlags: 131
VertexCount: 16
IndexSize: 1
IndexCount: 84
VertexBuffer: "\341@\264A\000\000@Bl\217\302@gK3\277\000\000\000\000m\2676?\315\314L?\315\314L?\315\314L?\000\000\000\000I\363\204\265\\\217\302@Z\315,\277Z\315,?1y\230>\315\314L?\315\314L?\315\314L?\000\000@B\340@\264Ad\217\302@\000\000\000\000gK3\277m\2676\277\315\314L?\315\314L?\315\314L?\316\016\034+\000\000\300B}\217\302@Z\315,\277Z\315,\2771y\230\276\315\314L?\315\314L?\315\314L?\000\000\300B\000\000\300B}\217\302@(\315\023?(\315\023\277(\315\023\277\315\314L?\315\314L?\315\314L?\000\000@B\263\357\222Bu\217\302@\265M\332\276\000\000\000\000\317\215g\277\315\314L?\315\314L?\315\314L?\263\357\222B\000\000@Bl\217\302@\000\000\000\000\265M\332\276\317\215g\277\315\314L?\315\314L?\315\314L?\000\000\300BN\363\204\265\\\217\302@(\315\023?(\315\023?(\315\023\277\315\314L?\315\314L?\315\314L?\316\016\034+\000\000\300By3\2037(\315\023\277(\315\023\277(\315\023\277\315\314L?\315\314L?\315\314L?\000\000\300B\000\000\300By3\2037(\315\023?(\315\023\277(\315\023\277\315\314L?\315\314L?\315\314L?\341@\264A\377\377?B\266GaA\242\005Q\277\000\000\000\000(\315\023?\315\314L?\315\314L?\315\314L?\000\000@B\263\357\222B\273GaA\242\005Q\277\000\000\000\000(\315\023?\315\314L?\315\314L?\315\314L?\263\357\222B\377\377?B\266GaA\000\000\000\000\242\005Q\277(\315\023?\315\314L?\315\314L?\315\314L?\000\000\300B\000\000\000\000\000\000\000\000(\315\023?(\315\023?(\315\023\277\315\314L?\315\314L?\315\314L?\000\000\000\000(\0216+\263\323\370\037(\315\023\277(\315\023?(\315\023\277\315\314L?\315\314L?\315\314L?\000\000@B\340@\264A\262GaA\000\000\000\000\242\005Q\277(\315\023?\315\314L?\315\314L?\315\314L?"
IndexBuffer: "\000\001\002\001\000\003\004\005\003\006\005\004\007\001\002\006\007\002\007\006\004\000\003\005\004\003\010\010\t\004\005\000\n\n\013\005\014\013\005\005\006\014\004\007\r\r\t\004\t\r\016\016\010\t\017\014\013\013\n\017\017\n\000\000\002\017\014\017\002\002\006\014\001\003\010\010\016\001\016\001\007\007\r\016"
