AEONMSH
Version: 1
Center {
  x: 1.5
  y: 0.2199999988079071
  z: -1.5
}
Radii {
  x: 1.5
  y: 0.2199999988079071
  z: 1.5
}
VertexFlags: 67
VertexCount: 16
IndexSize: 1
IndexCount: 84
VertexBuffer: "\341@4?\000\000\300\277L\217B\276gK3\277\357\266\371\263m\2676\277\266\2655?\375\374|>\245\244$>\000\000\000\000S\363\004\263\\\217B\276Z\315,\277[\315,\277-y\230\276\266\2655?\375\374|>\245\244$>\000\000\300?\342@4\277T\217B\276\000\000\000\000iK3?k\2676?\266\2655?\375\374|>\245\244$>\316\016\234(\000\000@\300;\217B\276Z\315,\277[\315,?-y\230>\266\2655?\375\374|>\245\244$>\000\000@@\000\000@\300;\217B\276(\315\023?*\315\023?&\315\023?\266\2655?\375\374|>\245\244$>\000\000\300?\263\357\022\300C\217B\276\265M\332\276\325:\0364\317\215g?\266\2655?\375\374|>\245\244$>\263\357\022@\000\000\300\277L\217B\276\000\000\000\000\272M\332>\316\215g?\266\2655?\375\374|>\245\244$>\000\000@@N\363\004\263\\\217B\276(\315\023?&\315\023\277*\315\023?\266\2655?\375\374|>\245\244$>\000\000@@\000\000\000\000\000\000\000\000(\315\023?&\315\023\277*\315\023?\266\2655?\375\374|>\245\244$>\000\000\000\000(\021\266\250\263\323x\035(\315\023\277&\315\023\277*\315\023?\266\2655?\375\374|>\245\244$>\316\016\234(\000\000@\300y3\0035(\315\023\277*\315\023?&\315\023?\266\2655?\375\374|>\245\244$>\000\000@@\000\000@\300y3\0035(\315\023?*\315\023?&\315\023?\266\2655?\375\374|>\245\244$>\000\000\300?\342@4\277\252G\341\276\000\000\000\000\240\005Q?*\315\023\277\266\2655?\375\374|>\245\244$>\341@4?\001\000\300\277\246G\341\276\242\005Q\2773\377\311\263(\315\023\277\266\2655?\375\374|>\245\244$>\263\357\022@\001\000\300\277\246G\341\276\000\000\000\000\240\005Q?*\315\023\277\266\2655?\375\374|>\245\244$>\000\000\300?\263\357\022\300\241G\341\276\242\005Q\2773\377\311\263(\315\023\277\266\2655?\375\374|>\245\244$>"
IndexBuffer: "\000\001\002\001\000\003\004\005\003\006\005\004\007\001\002\006\007\002\007\006\004\000\003\005\010\t\n\n\013\010\007\010\013\013\004\007\003\n\t\t\001\003\002\014\r\r\000\002\003\n\013\013\004\003\006\016\014\014\002\006\014\016\017\017\r\014\005\006\016\016\017\005\000\r\017\017\005\000\001\007\010\010\t\001"
