AEONMSH
Version: 1
Center {
  x: 48.0
  y: 47.99999950472113
  z: 7.040006160736084
}
Radii {
  x: 48.0
  y: 48.00000049527887
  z: 7.040006160736084
}
VertexFlags: 67
VertexCount: 20
IndexSize: 1
IndexCount: 108
VertexBuffer: "r\371\253A\000\000@Bl\217\302@v%;\2776\t\233>9\205\034\277\315\314L?\315\314L?\315\314L?\000\000\000\000I\363\204\265\\\217\302@j\3074\277j\3074?\242\341P\275\315\314L?\315\314L?\315\314L?\000\000@Bq\371\253Ac\217\302@\277y\337\276r!9\276\303\237a\277\315\314L?\315\314L?\315\314L?\316\016\034+\000\000\300B}\217\302@X\377+\277X\377+\277?\221\237>\315\314L?\315\314L?\315\314L?r\371\253A\216\001\225Bu\217\302@5]\232\2765]\232\276\317\215g?\315\314L?\315\314L?\315\314L?\000\000\300B\000\000\300B}\217\302@X\377+\277X\377+\277?\221\237>\315\314L?\315\314L?\315\314L?\000\000@B\216\001\225Bu\217\302@\256\371\326\276d\0312\276\310\007d?\315\314L?\315\314L?\315\314L?\000\000@B\216\001\225B\273GaA\214\377E\277H\005\244\276\030\001\014\277\315\314L?\315\314L?\315\314L?r\371\253A\377\377?B\266GaA\311Kd\277z!\275>\013\271\205\276\315\314L?\315\314L?\315\314L?r\371\253A\216\001\225B\273GaA(\315\023\277(\315\023\277(\315\023\277\315\314L?\315\314L?\315\314L?\000\000@Bq\371\253A\262GaA\214\377E\277H\005\244\276\030\001\014\277\315\314L?\315\314L?\315\314L?\216\001\225B\377\377?B\266GaA\311Kd\277z!\275>\013\271\205\276\315\314L?\315\314L?\315\314L?\216\001\225Bq\371\253A\262GaA(\315\023\277(\315\023\277(\315\023\277\315\314L?\315\314L?\315\314L?\216\001\225Bq\371\253Ac\217\302@5]\232\2765]\232\276\317\215g?\315\314L?\315\314L?\315\314L?\000\000\300BN\363\204\265\\\217\302@j\3074\277j\3074?\242\341P\275\315\314L?\315\314L?\315\314L?\216\001\225B\000\000@Bl\217\302@v%;\2776\t\233>9\205\034\277\315\314L?\315\314L?\315\314L?\000\000\000\000\277\221<+T\333\000 (\315\023\277(\315\023?(\315\023\277\315\314L?\315\314L?\315\314L?\000\000\300B\000\000\000\000\000\000\000\000(\315\023\277(\315\023?(\315\023\277\315\314L?\315\314L?\315\314L?\316\016\034+\000\000\300By3\2037(\315\023\277(\315\023\277(\315\023\277\315\314L?\315\314L?\315\314L?\000\000\300B\000\000\300By3\2037(\315\023\277(\315\023\277(\315\023\277\315\314L?\315\314L?\315\314L?"
IndexBuffer: "\000\001\002\003\000\001\004\003\000\003\004\005\005\004\006\007\010\t\n\013\014\r\016\017\002\016\r\016\001\002\005\006\017\016\017\005\020\001\016\016\021\020\000\010\t\t\004\000\005\003\022\022\023\005\002\n\013\013\017\002\023\021\020\020\022\023\r\014\n\n\002\r\007\006\000\000\010\007\000\006\017\017\002\000\013\017\r\r\014\013\016\005\023\023\021\016\001\003\022\022\020\001\t\004\006\006\007\t"
