AEONMSH
Version: 1
Center {
  x: 48.0
  y: 47.99999885303839
  z: 7.040007591247559
}
Radii {
  x: 48.0
  y: 48.00000114696161
  z: 7.040007591247559
}
VertexFlags: 131
VertexCount: 28
IndexSize: 1
IndexCount: 156
VertexBuffer: "\232\231\031A\000\000\300B}\217\302@B\t\241\276\343\217q\277\247a\323\275\315\314L?\315\314L?\315\314L?m\034!B\226>\234Bw\217\302@aU0\277aU0?\317yg>\315\314L?\315\314L?\315\314L?\315\314\254B\000\000\300B}\217\302@aU0?aU0?\317yg\276\315\314L?\315\314L?\315\314L?\223\343^B\226>\234Bw\217\302@;U\035?;U\035?\372-\375>\315\314L?\315\314L?\315\314L?m\034!B\267\005\217Ab\217\302@a\255\260\276a\255\260>\277o_\277\315\314L?\315\314L?\315\314L?\315\314\254BN\363\204\265\\\217\302@D\341\241>\346\323r?\021\201\210<\315\314L?\315\314L?\315\314L?\223\343^B\267\005\217Ab\217\302@5]\232>5]\232>\317\215g?\315\314L?\315\314L?\315\314L?\232\231\031AI\363\204\265\\\217\302@5]\232\276\317\215g?5]\232\276\315\314L?\315\314L?\315\314L?\315\314\254B\000\000\300By3\2037\000\000\000\000\000\000\000\000\000\000\200\277\315\314L?\315\314L?\315\314L?\000\000\300B\000\000\300By3\2037(\315\023?(\315\023?(\315\023\277\315\314L?\315\314L?\315\314L?\222\317%+\000\000\300By3\2037(\315\023?(\315\023\277(\315\023\277\315\314L?\315\314L?\315\314L?\232\231\031A\000\000\300By3\2037\000\000\000\000j\0035\277j\0035\277\315\314L?\315\314L?\315\314L?\232\231\031A\316\016\034+\340G\325\037\000\000\000\000j\0035?j\0035\277\315\314L?\315\314L?\315\314L?\000\000\000\000(\0216+\263\323\370\037(\315\023?(\315\023?(\315\023\277\315\314L?\315\314L?\315\314L?\000\000\300B\000\000\000\000\000\000\000\000(\315\023?(\315\023?(\315\023\277\315\314L?\315\314L?\315\314L?\315\314\254B\216\023P)\313/\016\036\000\000\000\000j\0035?j\0035\277\315\314L?\315\314L?\315\314L?\315\314\254BM\361\031\266\256GaA(\315\023?(\315\023?(\315\023\277\315\314L?\315\314L?\315\314L?\000\000\300BM\361\031\266\256GaA(\315\023?(\315\023?(\315\023\277\315\314L?\315\314L?\315\314L?\000\000\000\000J\361\031\266\256GaA(\315\023?(\315\023?(\315\023\277\315\314L?\315\314L?\315\314L?\232\231\031AK\361\031\266\256GaA(\315\023\277(\315\023?(\315\023\277\315\314L?\315\314L?\315\314L?\315\314\254B\000\000\300B\276GaA(\315\023?(\315\023?(\315\023\277\315\314L?\315\314L?\315\314L?\222\317%+\000\000\300B\276GaA(\315\023?(\315\023\277(\315\023\277\315\314L?\315\314L?\315\314L?\223\343^B\267\005\217A\261GaA(\315\023?(\315\023?(\315\023\277\315\314L?\315\314L?\315\314L?m\034!B\267\005\217A\261GaA(\315\023\277(\315\023?(\315\023\277\315\314L?\315\314L?\315\314L?\000\000\300B\000\000\300B\276GaA(\315\023?(\315\023?(\315\023\277\315\314L?\315\314L?\315\314L?\232\231\031A\000\000\300B\276GaA(\315\023\277(\315\023\277(\315\023\277\315\314L?\315\314L?\315\314L?m\034!B\226>\234B\273GaA(\315\023\277(\315\023?(\315\023\277\315\314L?\315\314L?\315\314L?\223\343^B\226>\234B\273GaA(\315\023?(\315\023?(\315\023\277\315\314L?\315\314L?\315\314L?"
IndexBuffer: "\000\001\002\002\001\003\004\005\006\005\007\004\005\003\002\006\005\003\010\002\t\n\013\000\007\014\r\016\017\005\005\020\021\021\016\005\007\r\022\022\023\007\013\010\017\017\014\013\020\005\002\002\024\020\022\r\n\n\025\022\016\017\010\010\t\016\000\001\004\004\007\000\026\006\004\004\027\026\t\030\021\021\016\t\020\024\030\030\021\020\000\031\025\025\n\000\005\017\014\014\007\005\027\032\001\001\004\027\000\013\010\010\002\000\002\024\030\030\t\002\026\006\003\003\033\026\022\025\031\031\023\022\031\000\007\007\023\031\027\032\033\033\026\027\n\013\014\014\r\n\001\032\033\033\003\001"
