AEONMSH
Version: 1
Center {
  x: 48.0
  y: 47.99999885303839
  z: 7.040007591247559
}
Radii {
  x: 48.0
  y: 48.00000114696161
  z: 7.040007591247559
}
VertexFlags: 131
VertexCount: 28
IndexSize: 1
IndexCount: 162
VertexBuffer: "\232\231\031A\377\377?B\266GaAc\2411?\301\241\340\275l/6\277\315\314L?\315\314L?\315\314L?\316\016\034+\000\000\300B\276GaA(\315\023?(\315\023\277(\315\023\277\315\314L?\315\314L?\315\314L?\232\231\031A\000\000\220B\272GaA\000\000\000\000D\345\241>\346\333r\277\315\314L?\315\314L?\315\314L?\232\231\031A\000\000\220Bu\217\302@\000\000\000\000j\0035?j\0035?\315\314L?\315\314L?\315\314L?\000\000\300BM\361\031\266\256GaA(\315\023?(\315\023?(\315\023\277\315\314L?\315\314L?\315\314L?\315\314\254B\377\377?B\266GaA\222!\311=6A\033\276\370\307{\277\315\314L?\315\314L?\315\314L?\000\000\300B\000\000\300B\276GaA(\315\023?(\315\023\277(\315\023\277\315\314L?\315\314L?\315\314L?\232\231\031A\316\016\034+\340G\325\037\000\000\000\000j\0035\277j\0035?\315\314L?\315\314L?\315\314L?\232\231\031AI\363\204\265\\\217\302@5]\232>\317\215g\2775]\232\276\315\314L?\315\314L?\315\314L?\000\000\000\000(\0216+\263\323\370\037(\315\023?(\315\023\277(\315\023?\315\314L?\315\314L?\315\314L?\232\231\031A\377\377\277Ad\217\302@\372\305|?@\331\037\276\237\201\317\274\315\314L?\315\314L?\315\314L?\232\231\031AK\361\031\266\256GaA(\315\023?(\315\023\277(\315\023\277\315\314L?\315\314L?\315\314L?\315\314\254B\377\377\277Ad\217\302@\370\003|?c\2211\276\315\201\346\274\315\314L?\315\314L?\315\314L?\315\314\254BM\361\031\266\256GaA(\315\023?(\315\023?(\315\023\277\315\314L?\315\314L?\315\314L?\315\314\254BN\363\204\265\\\217\302@(\315\023?(\315\023?(\315\023\277\315\314L?\315\314L?\315\314L?\316\016\034+\000\000\300By3\2037(\315\023?(\315\023\277(\315\023?\315\314L?\315\314L?\315\314L?\232\231\031A\000\000\300By3\2037\000\000\000\000\000\000\000\000\000\000\200?\315\314L?\315\314L?\315\314L?\232\231\031A\000\000\300B}\217\302@(\315\023\277(\315\023\277(\315\023?\315\314L?\315\314L?\315\314L?\232\231\031A\000\000\300B\276GaA(\315\023\277(\315\023\277(\315\023\277\315\314L?\315\314L?\315\314L?\000\000\000\000J\361\031\266\256GaA(\315\023?(\315\023\277(\315\023\277\315\314L?\315\314L?\315\314L?\315\314\254B\000\000\300B\276GaA(\315\023\277(\315\023\277(\315\023\277\315\314L?\315\314L?\315\314L?\315\314\254B\000\000\220B\272GaA5]\232\2765]\232>\317\215g\277\315\314L?\315\314L?\315\314L?\000\000\300B\000\000\000\000\000\000\000\000(\315\023?(\315\023?(\315\023?\315\314L?\315\314L?\315\314L?\315\314\254B\216\023P)\313/\016\036\000\000\000\000\000\000\000\000\000\000\200?\315\314L?\315\314L?\315\314L?\315\314\254B\000\000\300B}\217\302@(\315\023\277(\315\023\277(\315\023?\315\314L?\315\314L?\315\314L?\315\314\254B\000\000\300By3\2037\000\000\000\000\000\000\000\000\000\000\200?\315\314L?\315\314L?\315\314L?\000\000\300B\000\000\300By3\2037(\315\023?(\315\023\277(\315\023?\315\314L?\315\314L?\315\314L?\315\314\254B\000\000\220Bu\217\302@(\315\023\277(\315\023?(\315\023?\315\314L?\315\314L?\315\314L?"
IndexBuffer: "\000\001\002\000\003\002\004\005\006\007\010\t\n\013\010\014\r\016\017\020\021\022\002\001\000\013\023\023\001\000\000\n\003\024\006\025\004\r\005\005\025\006\n\000\013\026\027\016\014\005\r\030\031\032\030\032\006\006\024\030\032\006\004\004\026\032\025\005\000\000\002\025\021\022\001\001\017\021\002\022\021\021\003\002\023\t\017\017\001\023\032\031\027\027\026\032\010\013\023\023\t\010\020\021\030\030\031\020\027\016\010\010\007\027\003\033\030\030\021\003\016\r\004\004\026\016\031\020\007\007\027\031\025\024\030\030\033\025\005\000\n\n\014\005\033\003\002\002\025\033\t\007\020\020\017\t\010\n\014\014\016\010"
