AEONMSH
Version: 1
Center {
  x: 48.0
  y: 47.99999885303839
  z: 7.040007591247559
}
Radii {
  x: 48.0
  y: 48.00000114696161
  z: 7.040007591247559
}
VertexFlags: 67
VertexCount: 26
IndexSize: 1
IndexCount: 147
VertexBuffer: "\000\000\000\000J\361\031\266\256GaA(\315\023\277(\315\023\277(\315\023?\315\314L?\315\314L?\315\314L?\232\231\031AK\361\031\266\256GaA(\315\023\277(\315\023\277(\315\023?\315\314L?\315\314L?\315\314L?\232\231\031A\000\000\220B\272GaA\025\277\n\277\320\331g>\236-O?\315\314L?\315\314L?\315\314L?\315\314\254B\000\000\300B\276GaA(\315\023?(\315\023\277(\315\023?\315\314L?\315\314L?\315\314L?\315\314\254B\000\000\220B\272GaAX\335\253>\004\361\201>\3207h?\315\314L?\315\314L?\315\314L?\000\000\300B\000\000\300B\276GaA(\315\023\277(\315\023\277(\315\023?\315\314L?\315\314L?\315\314L?\232\231\031A\316\016\034+\340G\325\037\000\000\000\000\000\000\000\000\000\000\200\277\315\314L?\315\314L?\315\314L?\232\231\031AI\363\204\265\\\217\302@(\315\023\277(\315\023\277(\315\023\277\315\314L?\315\314L?\315\314L?\000\000\000\000(\0216+\263\323\370\037(\315\023\277(\315\023\277(\315\023\277\315\314L?\315\314L?\315\314L?\232\231\031A\377\377\277Ad\217\302@\376!\177\277P\301\247\275\274\001\336\273\315\314L?\315\314L?\315\314L?\232\231\031A\000\000\220Bu\217\302@\242\005Q\277\242\005\321>\242\005\321>\315\314L?\315\314L?\315\314L?\315\314\254B\377\377\277Ad\217\302@\376\007\177?b\001\261\275\324\001\352\273\315\314L?\315\314L?\315\314L?\315\314\254BM\361\031\266\256GaA(\315\023?(\315\023?(\315\023?\315\314L?\315\314L?\315\314L?\315\314\254BN\363\204\265\\\217\302@5]\232>\317\215g?5]\232\276\315\314L?\315\314L?\315\314L?\316\016\034+\000\000\300By3\2037(\315\023\277(\315\023\277(\315\023\277\315\314L?\315\314L?\315\314L?\232\231\031A\000\000\300By3\2037\000\000\000\000j\0035\277j\0035\277\315\314L?\315\314L?\315\314L?\232\231\031A\000\000\300B}\217\302@5]\232\276\317\215g\2775]\232>\315\314L?\315\314L?\315\314L?\232\231\031A\000\000\300B\276GaA(\315\023\277(\315\023\277(\315\023?\315\314L?\315\314L?\315\314L?\316\016\034+\000\000\300B\276GaA(\315\023\277(\315\023\277(\315\023?\315\314L?\315\314L?\315\314L?\000\000\300BM\361\031\266\256GaA(\315\023\277(\315\023?(\315\023?\315\314L?\315\314L?\315\314L?\000\000\300B\000\000\000\000\000\000\000\000(\315\023\277(\315\023?(\315\023\277\315\314L?\315\314L?\315\314L?\315\314\254B\216\023P)\313/\016\036\000\000\000\000j\0035?j\0035\277\315\314L?\315\314L?\315\314L?\315\314\254B\000\000\300B}\217\302@5]\232>\317\215g\2775]\232>\315\314L?\315\314L?\315\314L?\315\314\254B\000\000\300By3\2037\000\000\000\000j\0035\277j\0035\277\315\314L?\315\314L?\315\314L?\000\000\300B\000\000\300By3\2037(\315\023\277(\315\023\277(\315\023\277\315\314L?\315\314L?\315\314L?\315\314\254B\000\000\220Bu\217\302@(\315\023?(\315\023?(\315\023?\315\314L?\315\314L?\315\314L?"
IndexBuffer: "\000\001\002\003\004\005\006\007\010\001\t\007\n\t\002\013\014\r\016\017\020\002\021\022\022\000\002\023\005\004\004\014\023\024\025\r\001\002\t\026\027\030\013\004\014\r\014\023\023\024\r\023\005\030\030\024\023\002\021\020\020\n\002\020\021\022\022\016\020\r\025\006\006\007\r\004\031\026\026\003\004\016\010\000\000\022\016\026\030\005\005\003\026\007\t\013\013\r\007\007\001\000\000\010\007\017\027\025\025\006\017\004\002\t\t\013\004\016\017\006\006\010\016\n\031\026\026\020\n\031\n\002\002\004\031\020\017\027\027\026\020\024\025\027\027\030\024"
