AEONMSH
Version: 1
Center {
  x: 1.5
  y: -0.2199999988079071
  z: -1.5
}
Radii {
  x: 1.5
  y: 0.6599999964237213
  z: 1.5
}
VertexFlags: 67
VertexCount: 31
IndexSize: 1
IndexCount: 108
VertexBuffer: "\232\231\231>K\361\0314\256Ga?\000\000\000\000\230\351L?5q\031\277\266\2655?\375\374|>\245\244$>\232\231\231>\361h\3613\327\2430?\030\315\213\276\3219h?C\355\243>\266\2655?\375\374|>\245\244$>\000\000\000\000K\361\0314\256Ga?\322\t\351\276lu6?\023\237\010\277\266\2655?\375\374|>\245\244$>\316\016\234(\000\000@\300y3\00350\005\030\277I\335$?\362\345\366\276\245\244$?\263\2622?\274\273;?\232\231\231>\000\000@\300y3\0035\000\000\000\000\230\351L?5q\031\277\245\244$?\263\2622?\274\273;?\232\231\231>\000\000@\300;\217B\276\204-\302\276\300]_?6\255\235>\245\244$?\263\2622?\274\273;?\232\231\231>\000\000@\300\236G\341\276!U\020\277\377q\375>Q=)?\245\244$?\263\2622?\274\273;?\316\016\234(\000\000@\300\236G\341\276!U\020\277\377q\375>Q=)?\245\244$?\263\2622?\274\273;?\232\231\231>K\361\0314\256Ga?\000\000\000\000\230\351L?5q\031\277\245\244$?\263\2622?\274\273;?\000\000\000\000K\361\0314\256Ga?\322\t\351\276lu6?\023\237\010\277\245\244$?\263\2622?\274\273;?\315\314,@\000\000@\300y3\0035\000\000\000\000\033\035\220>\354\245u\277\245\244$?\263\2622?\274\273;?\315\314,@\000\000@\300;\217B\2760\005\030\277I\335$\277\362\345\366>\245\244$?\263\2622?\274\273;?\315\314,@M\361\0314\256Ga?\000\000\000\000\230\351L?5q\031\277\245\244$?\263\2622?\274\273;?\315\314,@\363h\3613\327\2430?\030\315\213\276\3219h?C\355\243>\266\2655?\375\374|>\245\244$>\315\314,@M\361\0314\256Ga?\000\000\000\000\230\351L?5q\031\277\266\2655?\375\374|>\245\244$>\000\000@@M\361\0314\256Ga?\322\t\351>lu6?\023\237\010\277\266\2655?\375\374|>\245\244$>\232\231\231>\361h\3613\327\2430?\030\315\213\276\3219h?C\355\243>\245\244$?\263\2622?\274\273;?\232\231\231>K\361\2313\256G\341>g\2653\277\270\215\332>#\357\021?\245\244$?\263\2622?\274\273;?\000\000\000\000J\361\2313\256G\341>g\2653\277\270\215\332>#\357\021?\245\244$?\263\2622?\274\273;?\315\314,@\000\000@\300y3\0035\000\000\000\000\033\035\220>\354\245u\277\266\2655?\375\374|>\245\244$>\315\314,@\000\000@\300;\217B\2760\005\030\277I\335$\277\362\345\366>\266\2655?\375\374|>\245\244$>\000\000@@\000\000@\300y3\0035g\2653?\270\215\332\276#\357\021\277\266\2655?\375\374|>\245\244$>\315\314,@\363h\3613\327\2430?\030\315\213\276\3219h?C\355\243>\245\244$?\263\2622?\274\273;?\315\314,@\000\000@\300\236G\341\276!U\020\277\377q\375\276Q=)\277\266\2655?\375\374|>\245\244$>\315\314,@M\361\2313\256G\341>0\005\030\277I\335$?\362\345\366\276\266\2655?\375\374|>\245\244$>\000\000@@M\361\2313\256G\341>0\005\030?I\335$?\362\345\366\276\266\2655?\375\374|>\245\244$>\000\000@@\000\000@\300\236G\341\276!U\020?\377q\375\276Q=)\277\266\2655?\375\374|>\245\244$>\232\231\231>K\361\2313\256G\341>g\2653\277\270\215\332>#\357\021?\266\2655?\375\374|>\245\244$>\000\000\000\000J\361\2313\256G\341>g\2653\277\270\215\332>#\357\021?\266\2655?\375\374|>\245\244$>\316\016\234(\000\000@\300y3\00350\005\030\277I\335$?\362\345\366\276\266\2655?\375\374|>\245\244$>\316\016\234(\000\000@\300\236G\341\276!U\020\277\377q\375>Q=)?\266\2655?\375\374|>\245\244$>"
IndexBuffer: "\000\001\002\003\004\005\003\005\006\006\007\003\010\004\003\003\t\010\n\013\005\005\004\n\010\014\n\n\004\010\r\016\017\005\020\021\021\006\005\006\021\022\022\007\006\023\024\025\013\026\020\020\005\013\r\001\000\000\016\r\027\030\031\031\032\027\030\027\024\024\r\030\001\033\034\034\002\001\024\027\032\032\025\024\025\032\031\031\017\025\035\002\034\034\036\035\r\017\031\031\030\r\017\025\023\023\016\017"
