AEONMSH
Version: 1
Center {
  x: 48.0
  y: 48.00000114696161
  z: -7.039992332458496
}
Radii {
  x: 48.0
  y: 47.99999885303839
  z: 21.120007514953613
}
VertexFlags: 67
VertexCount: 20
IndexSize: 1
IndexCount: 108
VertexBuffer: "\232\231\031AO\361\2316\256G\341\301\000\000\000\000\232\351L\2773q\031?\315\314L?\315\314L?\315\314L?\232\231\031A\365hq6\327\243\260\301\030\315\213\276\3209h\277H\355\243\276\315\314L?\315\314L?\315\314L?\000\000\000\000O\361\2316\256G\341\301\322\t\351\276mu6\277\021\237\010?\315\314L?\315\314L?\315\314L?\315\314\254B\000\000\300By3\2037\000\000\000\000 \035\220\276\353\245u?\315\314L?\315\314L?\315\314L?\315\314\254B\000\000\300B}\217\302@0\005\030\277J\335$?\356\345\366\276\315\314L?\315\314L?\315\314L?\000\000\300B\000\000\300By3\2037g\2653?\265\215\332>$\357\021?\315\314L?\315\314L?\315\314L?\316\016\034+\000\000\300By3\20370\005\030\277J\335$\277\356\345\366>\315\314L?\315\314L?\315\314L?\232\231\031A\000\000\300By3\2037\000\000\000\000\232\351L\2773q\031?\315\314L?\315\314L?\315\314L?\232\231\031A\000\000\300B}\217\302@\204-\302\276\277]_\277;\255\235\276\315\314L?\315\314L?\315\314L?\315\314\254B\363hq6\327\243\260\301\030\315\213\276\3209h\277H\355\243\276\315\314L?\315\314L?\315\314L?\315\314\254BM\361\2316\256G\341\301\000\000\000\000\232\351L\2773q\031?\315\314L?\315\314L?\315\314L?\000\000\300BM\361\2316\256G\341\301\322\t\351>mu6\277\021\237\010?\315\314L?\315\314L?\315\314L?\000\000\300B\000\000\300B\276GaA!U\020?\373q\375>R=)?\315\314L?\315\314L?\315\314L?\000\000\300BM\361\0316\256Ga\3010\005\030?J\335$\277\356\345\366>\315\314L?\315\314L?\315\314L?\232\231\031AO\361\0316\256Ga\301g\2653\277\265\215\332\276$\357\021\277\315\314L?\315\314L?\315\314L?\232\231\031A\000\000\300B\276GaA!U\020\277\373q\375\276R=)\277\315\314L?\315\314L?\315\314L?\315\314\254B\000\000\300B\276GaA!U\020\277\373q\375>R=)?\315\314L?\315\314L?\315\314L?\000\000\000\000P\361\0316\256Ga\301g\2653\277\265\215\332\276$\357\021\277\315\314L?\315\314L?\315\314L?\315\314\254BM\361\0316\256Ga\3010\005\030\277J\335$\277\356\345\366>\315\314L?\315\314L?\315\314L?\316\016\034+\000\000\300B\276GaA!U\020\277\373q\375\276R=)\277\315\314L?\315\314L?\315\314L?"
IndexBuffer: "\000\001\002\003\004\005\006\007\010\t\n\013\005\014\r\r\013\005\n\t\001\001\000\n\010\001\016\016\017\010\004\020\014\014\005\004\001\016\021\021\002\001\n\013\005\005\003\n\006\002\000\000\007\006\001\010\004\004\t\001\022\020\004\004\t\022\006\002\021\021\023\006\010\007\003\003\004\010\t\013\r\r\022\t\003\007\000\000\n\003\021\023\017\017\016\021\010\017\023\023\006\010\020\022\r\r\014\020"
