AEONMSH
Version: 1
Center {
  x: 1.5
  y: -0.4400000274181366
  z: -1.5
}
Radii {
  x: 1.5
  y: 0.8800000250339508
  z: 1.5
}
VertexFlags: 67
VertexCount: 31
IndexSize: 1
IndexCount: 108
VertexBuffer: "\316\016\234(\000\000@\300y3\003541\032\277U#+?\303U\337\276\245\244$?\263\2622?\274\273;?\232\231\231>\000\000@\300y3\0035\000\000\000\000\254cV?\032\345\013\277\245\244$?\263\2622?\274\273;?\232\231\231>\000\000@\300;\217B\276\253\215\325\276\270o[?0\251\232>\245\244$?\263\2622?\274\273;?\232\231\231>\363\351f4\303\365\250?\000\000\000\000\254cV?\032\345\013\277\266\2655?\375\374|>\245\244$>\232\231\231>\037\255E4\327\243\220?\0105\204\276\323?i?De\244>\266\2655?\375\374|>\245\244$>\000\000\000\000\362\351f4\303\365\250?\234\375\315\276\210ED?\002\021\000\277\266\2655?\375\374|>\245\244$>\232\231\231>\363\351f4\303\365\250?\000\000\000\000\254cV?\032\345\013\277\245\244$?\263\2622?\274\273;?\315\314,@\364\351f4\303\365\250?\000\000\000\000\254cV?\032\345\013\277\245\244$?\263\2622?\274\273;?\315\314,@\000\000@\300y3\0035\000\000\000\000\2271\316>\326Qj\277\245\244$?\263\2622?\274\273;?\232\231\231>\000\000@\300\236G\341\276\036\001\017\277\324\r\350>c\3211?\245\244$?\263\2622?\274\273;?\316\016\234(\000\000@\300\236G\341\276\036\001\017\277\324\r\350>c\3211?\245\244$?\263\2622?\274\273;?\315\314,@\000\000@\300;\217B\27641\032\277U#+\277\303U\337>\245\244$?\263\2622?\274\273;?\000\000\000\000\362\351f4\303\365\250?\234\375\315\276\210ED?\002\021\000\277\245\244$?\263\2622?\274\273;?\315\314,@ \255E4\327\243\220?\0105\204\276\323?i?De\244>\266\2655?\375\374|>\245\244$>\315\314,@\364\351f4\303\365\250?\000\000\000\000\254cV?\032\345\013\277\266\2655?\375\374|>\245\244$>\000\000@@\364\351f4\303\365\250?\234\375\315>\210ED?\002\021\000\277\266\2655?\375\374|>\245\244$>\232\231\231>L\361\0314\256Ga?\203\243A\277q\001\267>\027;\014?\245\244$?\263\2622?\274\273;?\000\000\000\000K\361\0314\256Ga?\203\243A\277q\001\267>\027;\014?\245\244$?\263\2622?\274\273;?\232\231\231>\037\255E4\327\243\220?\0105\204\276\323?i?De\244>\245\244$?\263\2622?\274\273;?\315\314,@\000\000@\300y3\0035\000\000\000\000\2271\316>\326Qj\277\266\2655?\375\374|>\245\244$>\315\314,@\000\000@\300;\217B\27641\032\277U#+\277\303U\337>\266\2655?\375\374|>\245\244$>\000\000@@\000\000@\300y3\0035\203\243A?q\001\267\276\027;\014\277\266\2655?\375\374|>\245\244$>\315\314,@ \255E4\327\243\220?\0105\204\276\323?i?De\244>\245\244$?\263\2622?\274\273;?\315\314,@\000\000@\300\236G\341\276\036\001\017\277\324\r\350\276c\3211\277\266\2655?\375\374|>\245\244$>\315\314,@M\361\0314\256Ga?41\032\277U#+?\303U\337\276\266\2655?\375\374|>\245\244$>\000\000@@M\361\0314\256Ga?41\032?U#+?\303U\337\276\266\2655?\375\374|>\245\244$>\000\000@@\000\000@\300\236G\341\276\036\001\017?\324\r\350\276c\3211\277\266\2655?\375\374|>\245\244$>\232\231\231>L\361\0314\256Ga?\203\243A\277q\001\267>\027;\014?\266\2655?\375\374|>\245\244$>\000\000\000\000K\361\0314\256Ga?\203\243A\277q\001\267>\027;\014?\266\2655?\375\374|>\245\244$>\316\016\234(\000\000@\300y3\003541\032\277U#+?\303U\337\276\266\2655?\375\374|>\245\244$>\316\016\234(\000\000@\300\236G\341\276\036\001\017\277\324\r\350>c\3211?\266\2655?\375\374|>\245\244$>"
IndexBuffer: "\000\001\002\003\004\005\006\007\010\010\001\006\000\002\t\t\n\000\010\013\002\002\001\010\006\001\000\000\014\006\r\016\017\t\020\021\021\n\t\002\022\020\020\t\002\023\024\025\013\026\022\022\002\013\r\004\003\003\016\r\027\030\031\031\032\027\r\017\031\031\030\r\004\033\034\034\005\004\030\027\024\024\r\030\035\005\034\034\036\035\025\032\031\031\017\025\024\027\032\032\025\024\017\025\023\023\016\017"
