AEONMSH
Version: 1
Center {
  x: 1.5
  z: -1.4999999999999898
}
Radii {
  x: 1.5
  y: 0.4399999976158142
  z: 1.50000000000001
}
VertexFlags: 67
VertexCount: 31
IndexSize: 1
IndexCount: 108
VertexBuffer: "\232\231\231>M\361\2313\256G\341>\000\000\000\000\201\263A?Q]\'\277\266\2655?\375\374|>\245\244$>\232\231\231>M\357.3\000\000\200>&=\223\276\320\251g?<\221\240>\266\2655?\375\374|>\245\244$>\000\000\000\000M\361\2313\256G\341>\007\241\003\277J#&?!\213\017\277\266\2655?\375\374|>\245\244$>\373\017\251(\000\000@\300y3\0035,\333\025\2779\013\035?\021\261\007\277\245\244$?\263\2622?\274\273;?\232\231\231>\000\000@\300y3\0035\000\000\000\000\201\263A?Q]\'\277\245\244$?\263\2622?\274\273;?\232\231\231>\000\000@\300;\217B\276\\\035\256\276\310uc?6\251\235>\245\244$?\263\2622?\274\273;?\232\231\231>M\361\2313\256G\341>\000\000\000\000\201\263A?Q]\'\277\245\244$?\263\2622?\274\273;?\000\000\000\000M\361\2313\256G\341>\007\241\003\277J#&?!\213\017\277\245\244$?\263\2622?\274\273;?\232\231\231>\000\000@\300\236G\341\276$\357\021\277\025\201\t?=%\037?\245\244$?\263\2622?\274\273;?\373\017\251(\000\000@\300\236G\341\276$\357\021\277\025\201\t?=%\037?\245\244$?\263\2622?\274\273;?\232\231\231>\276\023P\'\353/\016\234H\'$\277\003m\000?(\243\024?\245\244$?\263\2622?\274\273;?\000\000\000\000\000\000\000\000\000\000\000\000H\'$\277\003m\000?(\243\024?\245\244$?\263\2622?\274\273;?\315\314,@\000\000@\300y3\0035\000\000\000\000\036\221\024>\373I}\277\245\244$?\263\2622?\274\273;?\315\314,@\000\000@\300;\217B\276,\333\025\2779\013\035\277\021\261\007?\245\244$?\263\2622?\274\273;?\315\314,@Q\357.3\000\000\200>&=\223\276\320\251g?<\221\240>\266\2655?\375\374|>\245\244$>\315\314,@O\361\2313\256G\341>\000\000\000\000\201\263A?Q]\'\277\266\2655?\375\374|>\245\244$>\000\000@@P\361\2313\256G\341>\007\241\003?J#&?!\213\017\277\266\2655?\375\374|>\245\244$>\232\231\231>M\357.3\000\000\200>&=\223\276\320\251g?<\221\240>\245\244$?\263\2622?\274\273;?\315\314,@O\361\2313\256G\341>\000\000\000\000\201\263A?Q]\'\277\245\244$?\263\2622?\274\273;?\315\314,@\000\000@\300y3\0035\000\000\000\000\036\221\024>\373I}\277\266\2655?\375\374|>\245\244$>\315\314,@\000\000@\300;\217B\276,\333\025\2779\013\035\277\021\261\007?\266\2655?\375\374|>\245\244$>\000\000@@\000\000@\300y3\0035H\'$?\003m\000\277(\243\024\277\266\2655?\375\374|>\245\244$>\315\314,@Q\357.3\000\000\200>&=\223\276\320\251g?<\221\240>\245\244$?\263\2622?\274\273;?\315\314,@\000\000@\300\236G\341\276$\357\021\277\025\201\t\277=%\037\277\266\2655?\375\374|>\245\244$>\315\314,@\316\016\234(\037\024\320\245,\333\025\2779\013\035?\021\261\007\277\266\2655?\375\374|>\245\244$>\000\000@@(\021\266(0\024\320\245,\333\025?9\013\035?\021\261\007\277\266\2655?\375\374|>\245\244$>\000\000@@\000\000@\300\236G\341\276$\357\021?\025\201\t\277=%\037\277\266\2655?\375\374|>\245\244$>\232\231\231>\276\023P\'\353/\016\234H\'$\277\003m\000?(\243\024?\266\2655?\375\374|>\245\244$>\000\000\000\000\000\000\000\000\000\000\000\000H\'$\277\003m\000?(\243\024?\266\2655?\375\374|>\245\244$>\373\017\251(\000\000@\300y3\0035,\333\025\2779\013\035?\021\261\007\277\266\2655?\375\374|>\245\244$>\373\017\251(\000\000@\300\236G\341\276$\357\021\277\025\201\t?=%\037?\266\2655?\375\374|>\245\244$>"
IndexBuffer: "\000\001\002\003\004\005\006\004\003\003\007\006\003\005\010\010\t\003\010\n\013\013\t\010\014\r\005\005\004\014\016\017\020\005\021\n\n\010\005\006\022\014\014\004\006\023\024\025\r\026\021\021\005\r\016\001\000\000\017\016\027\030\031\031\032\027\016\020\031\031\030\016\001\033\034\034\002\001\030\027\024\024\016\030\024\027\032\032\025\024\025\032\031\031\020\025\035\002\034\034\036\035\020\025\023\023\017\020"
