AEONMSH
Version: 1
Center {
  x: 48.0
  y: 47.99999999999967
  z: 7.62939453125e-06
}
Radii {
  x: 48.0
  y: 48.00000000000033
  z: 14.080007553100586
}
VertexFlags: 67
VertexCount: 20
IndexSize: 1
IndexCount: 108
VertexBuffer: "\232\231\031AM\361\0316\256Ga\301\000\000\000\000\203\263A\277O]\'?\315\314L?\315\314L?\315\314L?\232\231\031AK\357\2565\000\000\000\301&=\223\276\317\251g\277A\221\240\276\315\314L?\315\314L?\315\314L?\000\000\000\000M\361\0316\256Ga\301\007\241\003\277L#&\277\037\213\017?\315\314L?\315\314L?\315\314L?\315\314\254B\000\000\300By3\2037\000\000\000\000)\221\024\276\373I}?\315\314L?\315\314L?\315\314L?\315\314\254B\000\000\300B}\217\302@,\333\025\277:\013\035?\017\261\007\277\315\314L?\315\314L?\315\314L?\000\000\300B\000\000\300By3\2037H\'$?\001m\000?)\243\024?\315\314L?\315\314L?\315\314L?\373\017)+\000\000\300By3\2037,\333\025\277:\013\035\277\017\261\007?\315\314L?\315\314L?\315\314L?\232\231\031A\000\000\300By3\2037\000\000\000\000\203\263A\277O]\'?\315\314L?\315\314L?\315\314L?\232\231\031A\000\000\300B}\217\302@\\\035\256\276\307uc\277;\251\235\276\315\314L?\315\314L?\315\314L?\315\314\254BG\357\2565\000\000\000\301&=\223\276\317\251g\277A\221\240\276\315\314L?\315\314L?\315\314L?\315\314\254BK\361\0316\256Ga\301\000\000\000\000\203\263A\277O]\'?\315\314L?\315\314L?\315\314L?\000\000\300BJ\361\0316\256Ga\301\007\241\003?L#&\277\037\213\017?\315\314L?\315\314L?\315\314L?\232\231\031A\276\023\320\251\353/\216\236H\'$\277\001m\000\277)\243\024\277\315\314L?\315\314L?\315\314L?\232\231\031A\000\000\300B\276GaA$\357\021\277\023\201\t\277>%\037\277\315\314L?\315\314L?\315\314L?\000\000\000\000\000\000\000\000\000\000\000\000H\'$\277\001m\000\277)\243\024\277\315\314L?\315\314L?\315\314L?\373\017)+\000\000\300B\276GaA$\357\021\277\023\201\t\277>%\037\277\315\314L?\315\314L?\315\314L?\000\000\300B(\0216\2538\023P(,\333\025?:\013\035\277\017\261\007?\315\314L?\315\314L?\315\314L?\315\314\254B\316\016\034\253I\023P(,\333\025\277:\013\035\277\017\261\007?\315\314L?\315\314L?\315\314L?\315\314\254B\000\000\300B\276GaA$\357\021\277\023\201\t?>%\037?\315\314L?\315\314L?\315\314L?\000\000\300B\000\000\300B\276GaA$\357\021?\023\201\t?>%\037?\315\314L?\315\314L?\315\314L?"
IndexBuffer: "\000\001\002\003\004\005\006\007\010\t\n\013\010\001\014\014\r\010\006\002\016\016\017\006\t\013\020\020\021\t\021\022\004\004\t\021\006\002\000\000\007\006\n\t\001\001\000\n\022\021\020\020\023\022\005\023\020\020\013\005\001\014\016\016\002\001\016\017\r\r\014\016\004\022\023\023\005\004\010\007\003\003\004\010\010\r\017\017\006\010\003\007\000\000\n\003\n\013\005\005\003\n\001\010\004\004\t\001"
