AEONMSH
Version: 1
Center {
  x: 1.5
  y: -0.6599999964237213
  z: -1.4999999999999984
}
Radii {
  x: 1.5
  y: 1.0999999940395355
  z: 1.5000000000000013
}
VertexFlags: 67
VertexCount: 27
IndexSize: 1
IndexCount: 108
VertexBuffer: "\316\016\234(\000\000@\300y3\0035\233{M?3\301\227>\010}\004?\266\2655?\375\374|>\245\244$>\232\231\231>\000\000@\300y3\0035\000\000\000\000\001\211\001\277\273\315\\?\266\2655?\375\374|>\245\244$>\232\231\231>\000\000@\300;\217B\276\233{M\2773\301\227>\010}\004?\266\2655?\375\374|>\245\244$>\315\314,@\000\000@\300y3\0035\000\000\000\000\273#^\277\002r\376>\266\2655?\375\374|>\245\244$>\315\314,@\000\000@\300;\217B\276d\341\261>\321\031i\277\325ae>\266\2655?\375\374|>\245\244$>\000\000@@\000\000@\300y3\00359I\034\277_\361/\277\227\205\311>\266\2655?\375\374|>\245\244$>\232\231\231>L\361\2314\256G\341?\000\000\000\000\273#^\277\002r\376>\245\244$?\263\2622?\274\273;?\232\231\231>\343R\2114\303\365\310?q\2718\276\350\201t\277\353\231p>\245\244$?\263\2622?\274\273;?\315\314,@\344R\2114\303\365\310?\034\361\r?\254\301\323>q\3358?\245\244$?\263\2622?\274\273;?\315\314,@M\361\2314\256G\341?\000\000\000\000\001\211\001\277\273\315\\?\245\244$?\263\2622?\274\273;?\316\016\234(\000\000@\300y3\0035\233{M?3\301\227>\010}\004?\245\244$?\263\2622?\274\273;?\232\231\231>\000\000@\300;\217B\276\233{M\2773\301\227>\010}\004?\245\244$?\263\2622?\274\273;?\232\231\231>\000\000@\300\236G\341\276\034\361\r\277\254\301\323>q\3358?\245\244$?\263\2622?\274\273;?\316\016\234(\000\000@\300\236G\341\276\034\361\r?\254\301\323>q\3358?\245\244$?\263\2622?\274\273;?\315\314,@\344R\2114\303\365\310?\034\361\r?\254\301\323>q\3358?\266\2655?\375\374|>\245\244$>\315\314,@M\361\2314\256G\341?\000\000\000\000\001\211\001\277\273\315\\?\266\2655?\375\374|>\245\244$>\000\000@@M\361\2314\256G\341?\034\361\r\277\254\301\323>q\3358?\266\2655?\375\374|>\245\244$>\232\231\231>\363\351f4\303\365\250?9I\034\277_\361/\277\227\205\311>\245\244$?\263\2622?\274\273;?\000\000\000\000\363\351f4\303\365\250?9I\034?_\361/\277\227\205\311>\245\244$?\263\2622?\274\273;?\000\000\000\000L\361\2314\256G\341?m\205\266>\236\213O\277\337\271\355>\245\244$?\263\2622?\274\273;?\315\314,@\000\000@\300;\217B\276d\341\261>\321\031i\277\325ae>\245\244$?\263\2622?\274\273;?\315\314,@\364\351f4\303\365\250?\233{M?3\301\227>\010}\004?\266\2655?\375\374|>\245\244$>\315\314,@\000\000@\300\236G\341\276m\205\266>\236\213O\277\337\271\355>\266\2655?\375\374|>\245\244$>\000\000@@\364\351f4\303\365\250?\233{M\2773\301\227>\010}\004?\266\2655?\375\374|>\245\244$>\000\000@@\000\000@\300\236G\341\276m\205\266\276\236\213O\277\337\271\355>\266\2655?\375\374|>\245\244$>\232\231\231>L\361\2314\256G\341?\000\000\000\000\273#^\277\002r\376>\266\2655?\375\374|>\245\244$>\000\000\000\000L\361\2314\256G\341?m\205\266>\236\213O\277\337\271\355>\266\2655?\375\374|>\245\244$>"
IndexBuffer: "\000\001\002\003\004\005\006\007\010\010\t\006\n\013\014\014\r\n\016\017\020\014\021\022\022\r\014\007\006\023\022\023\n\n\r\022\024\010\007\007\013\024\013\007\021\021\014\013\021\007\023\023\022\021\002\004\003\003\001\002\025\016\004\004\026\025\016\020\027\027\025\016\004\026\030\030\005\004\026\030\027\027\025\026\001\003\017\017\031\001\005\020\017\017\003\005\005\020\027\027\030\005\031\032\000\000\001\031"
