AEONMSH
Version: 1
Center {
  x: 1.5
  y: 0.2199999988079071
  z: -1.5
}
Radii {
  x: 1.5
  y: 0.2199999988079071
  z: 1.5
}
VertexFlags: 67
VertexCount: 23
IndexSize: 1
IndexCount: 72
VertexBuffer: "\373\017\251(\000\000@\300y3\0035(\315\023\277*\315\023?&\315\023?\266\2655?\375\374|>\245\244$>\232\231\231>\000\000@\300y3\0035\000\000\000\000L\357.4\000\000\200?\266\2655?\375\374|>\245\244$>\232\231\231>\000\000@\300;\217B\276(\315\023?*\315\023?&\315\023?\266\2655?\375\374|>\245\244$>\000\000@@\000\000@\300;\217B\276(\315\023\277&\315\023\277*\315\023?\245\244$?\263\2622?\274\273;?\000\000@@N\363\004\263\\\217B\276(\315\023\277&\315\023\277*\315\023?\245\244$?\263\2622?\274\273;?\232\231\231>S\363\004\263\\\217B\2765]\232>\316\215g\277:]\232>\245\244$?\263\2622?\274\273;?\232\231\231>\000\000@\300;\217B\276(\315\023?*\315\023?&\315\023?\245\244$?\263\2622?\274\273;?\232\231\231>S\363\004\263\\\217B\2765]\232>\316\215g\277:]\232>\266\2655?\375\374|>\245\244$>\232\231\231>\352\006\235\250\366\232V\035\000\000\000\000h\0035\277l\0035?\266\2655?\375\374|>\245\244$>\000\000\000\000\317\301\272\250\232<\177\035(\315\023\277&\315\023\277*\315\023?\266\2655?\375\374|>\245\244$>\000\000@@\000\000@\300y3\0035(\315\023\277&\315\023\277*\315\023?\245\244$?\263\2622?\274\273;?\000\000@@\000\000\000\000\000\000\000\000(\315\023\277&\315\023\277*\315\023?\245\244$?\263\2622?\274\273;?\232\231\231>\352\006\235\250\366\232V\035\000\000\000\000h\0035\277l\0035?\245\244$?\263\2622?\274\273;?\000\000@@\000\000@\300y3\0035(\315\023\277&\315\023\277*\315\023?\363\362\362>\312\311I?\365\364t>\232\231\231>\000\000@\300y3\0035\000\000\000\000L\357.4\000\000\200?\363\362\362>\312\311I?\365\364t>\232\231\231>\000\000@\300;\217B\276(\315\023?*\315\023?&\315\023?\363\362\362>\312\311I?\365\364t>\000\000@@\000\000@\300;\217B\276(\315\023\277&\315\023\277*\315\023?\363\362\362>\312\311I?\365\364t>\232\231\231>\000\000@\300\236G\341\276(\315\023?*\315\023?&\315\023?\266\2655?\375\374|>\245\244$>\232\231\231>O\361\231\263\256G\341\276(\315\023?&\315\023\277*\315\023?\266\2655?\375\374|>\245\244$>\000\000\000\000P\361\231\263\256G\341\276(\315\023\277&\315\023\277*\315\023?\266\2655?\375\374|>\245\244$>\000\000@@\000\000@\300y3\0035(\315\023\277&\315\023\277*\315\023?\266\2655?\375\374|>\245\244$>\000\000@@\000\000\000\000\000\000\000\000(\315\023\277&\315\023\277*\315\023?\266\2655?\375\374|>\245\244$>\373\017\251(\000\000@\300\236G\341\276(\315\023\277*\315\023?&\315\023?\266\2655?\375\374|>\245\244$>"
IndexBuffer: "\000\001\002\003\004\005\005\006\003\007\010\t\n\013\004\004\003\n\013\014\005\005\004\013\r\016\017\017\020\r\002\021\022\022\007\002\023\022\007\007\t\023\024\025\010\010\001\024\026\021\022\022\023\026\023\026\000\000\t\023\026\000\002\002\021\026\000\001\010\010\t\000"
