AEONMSH
Version: 1
Center {
  x: 48.0
  y: 47.99999885303839
  z: 7.040007591247559
}
Radii {
  x: 48.0
  y: 48.00000114696161
  z: 7.040007591247559
}
VertexFlags: 131
VertexCount: 20
IndexSize: 1
IndexCount: 108
VertexBuffer: "\232\231\031A\352\006\035+\366\232\326\037\000\000\000\000j\0035\277j\0035?\315\314L?\315\314L?\315\314L?\232\231\031AI\363\204\265\\\217\302@5]\232\276\317\215g\2775]\232\276\315\314L?\315\314L?\315\314L?\000\000\000\000\317\301:+\232<\377\037(\315\023\277(\315\023\277(\315\023?\315\314L?\315\314L?\315\314L?\315\314\254B\000\000\300By3\2037\000\000\000\000\000\000\000\000\000\000\200?\315\314L?\315\314L?\315\314L?\315\314\254B\000\000\300B}\217\302@(\315\023\277(\315\023?(\315\023\277\315\314L?\315\314L?\315\314L?\000\000\300B\000\000\300By3\2037(\315\023?(\315\023?(\315\023?\315\314L?\315\314L?\315\314L?\222\317%+\000\000\300By3\2037(\315\023\277(\315\023\277(\315\023?\315\314L?\315\314L?\315\314L?\232\231\031A\000\000\300By3\2037\000\000\000\000j\0035\277j\0035?\315\314L?\315\314L?\315\314L?\232\231\031A\000\000\300B}\217\302@5]\232\276\317\215g\2775]\232\276\315\314L?\315\314L?\315\314L?\315\314\254BM\363\204\265\\\217\302@5]\232\276\317\215g\2775]\232\276\315\314L?\315\314L?\315\314L?\315\314\254B\326\314\205)\227\3346\036\000\000\000\000j\0035\277j\0035?\315\314L?\315\314L?\315\314L?\000\000\300B\000\000\000\000\000\000\000\000(\315\023?(\315\023\277(\315\023?\315\314L?\315\314L?\315\314L?\315\314\254B\000\000\300B\276GaA(\315\023\277(\315\023?(\315\023?\315\314L?\315\314L?\315\314L?\000\000\300B\000\000\300B\276GaA(\315\023?(\315\023?(\315\023?\315\314L?\315\314L?\315\314L?\000\000\300BM\361\031\266\256GaA(\315\023?(\315\023\277(\315\023?\315\314L?\315\314L?\315\314L?\315\314\254BM\361\031\266\256GaA(\315\023\277(\315\023\277(\315\023?\315\314L?\315\314L?\315\314L?\232\231\031A\000\000\300B\276GaA(\315\023\277(\315\023\277(\315\023\277\315\314L?\315\314L?\315\314L?\222\317%+\000\000\300B\276GaA(\315\023\277(\315\023\277(\315\023\277\315\314L?\315\314L?\315\314L?\232\231\031AK\361\031\266\256GaA(\315\023\277(\315\023\277(\315\023\277\315\314L?\315\314L?\315\314L?\000\000\000\000J\361\031\266\256GaA(\315\023\277(\315\023\277(\315\023\277\315\314L?\315\314L?\315\314L?"
IndexBuffer: "\000\001\002\003\004\005\006\007\010\t\n\013\004\014\r\r\005\004\t\013\016\016\017\t\010\020\021\021\006\010\020\010\001\001\022\020\001\010\004\004\t\001\014\017\016\016\r\014\t\017\014\014\004\t\n\t\001\001\000\n\001\022\023\023\002\001\023\021\020\020\022\023\006\002\023\023\021\006\010\007\003\003\004\010\005\r\016\016\013\005\003\007\000\000\n\003\002\000\007\007\006\002\005\003\n\n\013\005"
