AEONMSH
Version: 1
Center {
  x: 1.5
  y: 0.2199999988079071
  z: -1.5
}
Radii {
  x: 1.5
  y: 0.2199999988079071
  z: 1.5
}
VertexFlags: 67
VertexCount: 31
IndexSize: 1
IndexCount: 108
VertexBuffer: "\232\231\231>\352\006\235\250\366\232V\035\000\000\000\000h\0035?l\0035\277\266\2655?\375\374|>\245\244$>\232\231\231>S\363\004\263\\\217B\2765]\232\276\320\215g?0]\232>\266\2655?\375\374|>\245\244$>\000\000\000\000\317\301\272\250\232<\177\035(\315\023\277&\315\023?*\315\023\277\266\2655?\375\374|>\245\244$>\222\317\245(\000\000@\300y3\0035(\315\023\277&\315\023?*\315\023\277\245\244$?\263\2622?\274\273;?\232\231\231>\000\000@\300y3\0035\000\000\000\000h\0035?l\0035\277\245\244$?\263\2622?\274\273;?\232\231\231>\000\000@\300;\217B\2765]\232\276\320\215g?0]\232>\245\244$?\263\2622?\274\273;?\232\231\231>\000\000@\300\236G\341\276(\315\023\277*\315\023?&\315\023?\245\244$?\263\2622?\274\273;?\232\231\231>O\361\231\263\256G\341\276(\315\023\277*\315\023?&\315\023?\245\244$?\263\2622?\274\273;?\000\000\000\000P\361\231\263\256G\341\276(\315\023\277*\315\023?&\315\023?\245\244$?\263\2622?\274\273;?\222\317\245(\000\000@\300\236G\341\276(\315\023\277*\315\023?&\315\023?\245\244$?\263\2622?\274\273;?\000\000\000\000\317\301\272\250\232<\177\035(\315\023\277&\315\023?*\315\023\277\245\244$?\263\2622?\274\273;?\232\231\231>\352\006\235\250\366\232V\035\000\000\000\000h\0035?l\0035\277\245\244$?\263\2622?\274\273;?\315\314,@\000\000@\300;\217B\276(\315\023\277&\315\023\277*\315\023?\245\244$?\263\2622?\274\273;?\315\314,@O\363\004\263\\\217B\2765]\232\276\320\215g?0]\232>\245\244$?\263\2622?\274\273;?\232\231\231>S\363\004\263\\\217B\2765]\232\276\320\215g?0]\232>\245\244$?\263\2622?\274\273;?\315\314,@\000\000@\300y3\0035\000\000\000\000L\357.\264\000\000\200\277\245\244$?\263\2622?\274\273;?\315\314,@O\363\004\263\\\217B\2765]\232\276\320\215g?0]\232>\266\2655?\375\374|>\245\244$>\315\314,@\326\314\005\247\227\334\266\033\000\000\000\000h\0035?l\0035\277\266\2655?\375\374|>\245\244$>\000\000@@\000\000\000\000\000\000\000\000(\315\023?&\315\023?*\315\023\277\266\2655?\375\374|>\245\244$>\315\314,@\326\314\005\247\227\334\266\033\000\000\000\000h\0035?l\0035\277\245\244$?\263\2622?\274\273;?\315\314,@\000\000@\300y3\0035\000\000\000\000L\357.\264\000\000\200\277\266\2655?\375\374|>\245\244$>\315\314,@\000\000@\300;\217B\276(\315\023\277&\315\023\277*\315\023?\266\2655?\375\374|>\245\244$>\000\000@@\000\000@\300y3\0035(\315\023?*\315\023\277&\315\023\277\266\2655?\375\374|>\245\244$>\315\314,@M\361\231\263\256G\341\276(\315\023\277&\315\023?*\315\023\277\266\2655?\375\374|>\245\244$>\315\314,@\000\000@\300\236G\341\276(\315\023\277*\315\023\277&\315\023\277\266\2655?\375\374|>\245\244$>\000\000@@\000\000@\300\236G\341\276(\315\023?*\315\023\277&\315\023\277\266\2655?\375\374|>\245\244$>\000\000@@M\361\231\263\256G\341\276(\315\023?&\315\023?*\315\023\277\266\2655?\375\374|>\245\244$>\000\000\000\000P\361\231\263\256G\341\276(\315\023\277*\315\023?&\315\023?\266\2655?\375\374|>\245\244$>\222\317\245(\000\000@\300\236G\341\276(\315\023\277*\315\023?&\315\023?\266\2655?\375\374|>\245\244$>\222\317\245(\000\000@\300y3\0035(\315\023\277&\315\023?*\315\023\277\266\2655?\375\374|>\245\244$>\232\231\231>O\361\231\263\256G\341\276(\315\023\277*\315\023?&\315\023?\266\2655?\375\374|>\245\244$>"
IndexBuffer: "\000\001\002\003\004\005\006\007\010\010\t\006\003\005\006\006\t\003\004\003\n\n\013\004\014\r\016\016\005\014\016\007\006\006\005\016\017\014\005\005\004\017\020\021\022\013\023\017\017\004\013\024\025\026\020\001\000\000\021\020\020\027\030\030\025\020\025\030\031\031\026\025\032\022\026\026\031\032\033\034\035\035\002\033\024\021\022\022\026\024\020\022\032\032\027\020\001\036\033\033\002\001\030\027\032\032\031\030"
