AEONMSH
Version: 1
Center {
  x: 0.5699999928474426
  y: 1.100000023841858
  z: -0.5699999928474426
}
Radii {
  x: 0.5699999928474426
  y: 1.100000023841858
  z: 0.5699999928474426
}
VertexFlags: 67
VertexCount: 6
IndexSize: 1
IndexCount: 24
VertexBuffer: "\205\353\221?\000\000\000\000\000\000\000\000(\315\023?*\315\023?&\315\023?\253\252*?\214\213\013?\267\266\266>\000\000\000\000\300\354\247\226\333\275\365\241\241\207P\277=5\235>\366\361\373>\253\252*?\214\213\013?\267\266\266>\205\353\221?\205\353\221\277\365lG4:5\235>\240\207P\277\374\361\373>\253\252*?\214\213\013?\267\266\266>\354Q\270>\313m\300\264\315\314\014\300s\2779\277V]\254>4\243\031\277\253\252*?\214\213\013?\267\266\266>\205\353\221?\241m\300\264\315\314\014\300(\315\023?&\315\023?*\315\023\277\253\252*?\214\213\013?\267\266\266>\205\353\221?\032\256G\277\314\314\014\300Y]\254>u\2779\2771\243\031\277\253\252*?\214\213\013?\267\266\266>"
IndexBuffer: "\000\001\002\003\004\005\003\005\002\002\001\003\003\001\000\000\004\003\005\004\000\000\002\005"
