AEONMSH
Version: 1
Center {
  x: 18.239999771118164
  y: 18.23999403630978
  z: 35.20000457763672
}
Radii {
  x: 18.239999771118164
  y: 18.240005505926547
  z: 35.20000457763672
}
VertexFlags: 67
VertexCount: 9
IndexSize: 1
IndexCount: 24
VertexBuffer: "\205\353\021B\000\000\000\000\000\000\000\000(\315\023?(\315\023\277(\315\023\277\315\314L?\315\314L?\315\314L?\000\000\000\000\300\354\'\231\333\275u$\241\207P\277:5\235\276\370\361\373\276\315\314L?\315\314L?\315\314L?\205\353\021B\205\353\021B\365l\3076:5\235>\241\207P?\370\361\373\276\315\314L?\315\314L?\315\314L?\354Q8Awm@\267\315\314\214Bs\2779\277Y]\254\2763\243\031?\213\212\212>\321\320\320>\315\314\314>\205\353\021B\241m@\267\315\314\214B(\315\023?(\315\023\277(\315\023?\213\212\212>\321\320\320>\315\314\314>\205\353\021B\016\256\307A\316\314\214BY]\254>s\2779?3\243\031?\213\212\212>\321\320\320>\315\314\314>\354Q8Awm@\267\315\314\214Bs\2779\277Y]\254\2763\243\031?\315\314L?\315\314L?\315\314L?\205\353\021B\016\256\307A\316\314\214BY]\254>s\2779?3\243\031?\315\314L?\315\314L?\315\314L?\205\353\021B\241m@\267\315\314\214B(\315\023?(\315\023\277(\315\023?\315\314L?\315\314L?\315\314L?"
IndexBuffer: "\000\001\002\003\004\005\002\001\006\006\007\002\000\002\007\007\010\000\000\010\006\006\001\000"
