AEONMSH
Version: 1
Center {
  x: 1.5
  y: 1.100000023841858
  z: -0.46000000834465027
}
Radii {
  x: 1.5
  y: 1.100000023841858
  z: 0.46000000834465027
}
VertexFlags: 67
VertexCount: 26
IndexSize: 1
IndexCount: 144
VertexBuffer: "\2240\243?\346\255\016\277\"\377\3023\337\201o<\022\r\n\277\260\213W?\253\252*?\214\213\013?\267\266\266>\000\000@@l\217\242\252(\020P\246(\315\023?*\315\023?&\315\023?\253\252*?\214\213\013?\267\266\266>\373\017\251)\330/\016\233\241\023P\246(\315\023\277*\315\023?&\315\023?\253\252*?\214\213\013?\267\266\266>\010:B?\327Y>\277\314\314\014\300\021y\010\276\372\261w\276\353\tv\277\253\252*?\214\213\013?\267\266\266>\365d\276>\231:)\277\315\314\014\300w\201;\274>\313\035\277\221\215I\277\253\252*?\214\213\013?\267\266\266>\373\017\251)\241m\300\264\315\314\014\300(\315\023\277&\315\023?*\315\023\277\253\252*?\214\213\013?\267\266\266>\365d\276>\223:)\277\000H\3473w\201;\274:\313\035\277\225\215I?\253\252*?\214\213\013?\267\266\266>\305v3?\024\256G\277\370r\0104\\\301\255=\215\237G\277@\307\036?\253\252*?\214\213\013?\267\266\266>\010:B?\321Y>\277\372\022\0024\021y\010\276\344\261w\276\355\tv?\253\252*?\214\213\013?\267\266\266>\010:B?\3330b\277\244\220\0324\234\315\315\276t\301:\277\035\251\r?\253\252*?\214\213\013?\267\266\266>\036P\366?\037\205k\277\242\360 4D\321\241\275\2129F\277C\267 ?\253\252*?\214\213\013?\267\266\266>vq\017@\334\r.\277<\340\3553\234\331\315>)\335\226\276\275\353]?\253\252*?\214\213\013?\267\266\266>vq\017@\347\344Q\277\310m\0174L\355%?\3435\363\2762[\030?\253\252*?\214\213\013?\267\266\266>\000\000\000\000\024\256G\277\370r\0104\363\211\371\276T\347*\277\"\023\020?\253\252*?\214\213\013?\267\266\266>\000\000@@\024\256G\277\370r\0104\006\305\002?I\243%\277$\345\020?\253\252*?\214\213\013?\267\266\266>\271\307\030@\236B\"\277\350\301\3353u\201\272<C\177\"\277\215\267E?\253\252*?\214\213\013?\267\266\266>vq\017@\342\r.\277\315\314\014\300\234\331\315>3\335\226\276\273\353]\277\253\252*?\214\213\013?\267\266\266>vq\017@\355\344Q\277\314\314\014\300L\355%?\3515\363\2760[\030\277\253\252*?\214\213\013?\267\266\266>\036P\366?%\205k\277\314\314\014\300D\321\241\275\2169F\277?\267 \277\253\252*?\214\213\013?\267\266\266>\2240\243?\354\255\016\277\315\314\014\300\337\201o<\026\r\n\277\256\213W\277\253\252*?\214\213\013?\267\266\266>\010:B?\3410b\277\314\314\014\300\234\315\315\276x\301:\277\031\251\r\277\253\252*?\214\213\013?\267\266\266>\000\000@@\253m\300\264\315\314\014\300(\315\023?&\315\023?*\315\023\277\253\252*?\214\213\013?\267\266\266>\000\000@@\032\256G\277\314\314\014\300\006\305\002?M\243%\277 \345\020\277\253\252*?\214\213\013?\267\266\266>\271\307\030@\244B\"\277\315\314\014\300u\201\272<G\177\"\277\211\267E\277\253\252*?\214\213\013?\267\266\266>\305v3?\032\256G\277\314\314\014\300\\\301\255=\221\237G\277<\307\036\277\253\252*?\214\213\013?\267\266\266>\000\000\000\000\032\256G\277\314\314\014\300\363\211\371\276X\347*\277\036\023\020\277\253\252*?\214\213\013?\267\266\266>"
IndexBuffer: "\000\001\002\003\004\005\006\007\010\010\t\000\000\n\013\n\014\013\006\010\002\002\r\006\016\001\017\000\013\001\017\001\013\002\010\000\020\021\022\023\024\003\020\022\023\025\026\027\027\020\025\003\030\004\025\020\023\023\003\005\004\031\005\005\025\023\021\020\013\013\014\021\014\n\022\022\021\014\t\010\003\003\024\t\000\t\024\024\023\000\n\000\023\023\022\n\020\027\017\017\013\020\002\001\025\025\005\002\026\025\001\001\016\026\006\r\031\031\004\006\007\006\004\004\030\007\010\007\030\030\003\010\016\017\027\027\026\016\005\031\r\r\002\005"
