AEONMSH
Version: 1
Center {
  x: 0.38999998569488525
  y: 1.100000023841858
  z: -0.38999998569488525
}
Radii {
  x: 0.38999998569488525
  y: 1.100000023841858
  z: 0.38999998569488525
}
VertexFlags: 67
VertexCount: 6
IndexSize: 1
IndexCount: 24
VertexBuffer: "\024\256G?\000\000\000\000\000\000\000\000(\315\023?*\315\023?&\315\023?\253\252*?\214\213\013?\267\266\266>\000\000\000\000\000\000\000\000\000\000\000\000\214\377E\277K\005\244>\027\001\014?\253\252*?\214\213\013?\267\266\266>\024\256G?\024\256G\277\370r\0104H\005\244>\213\377E\277\032\001\014?\253\252*?\214\213\013?\267\266\266>\000\000\000\000\241m\300\264\315\314\014\300\214\377E\277E\005\244>\031\001\014\277\253\252*?\214\213\013?\267\266\266>\024\256G?\241m\300\264\315\314\014\300(\315\023?&\315\023?*\315\023\277\253\252*?\214\213\013?\267\266\266>\024\256G?\032\256G\277\314\314\014\300H\005\244>\215\377E\277\026\001\014\277\253\252*?\214\213\013?\267\266\266>"
IndexBuffer: "\000\001\002\003\004\005\005\002\001\001\003\005\003\001\000\000\004\003\004\000\002\002\005\004"
