AEONMSH
Version: 1
Center {
  x: 0.040000006556510925
  y: 0.1449999958276745
  z: -1.4999999999999984
}
Radii {
  x: 0.4599999934434891
  y: 0.14499999582767523
  z: 1.5000000000000013
}
VertexFlags: 67
VertexCount: 25
IndexSize: 1
IndexCount: 138
VertexBuffer: "-I\251=\2240\243\277\037\007_4\2021\301\276\206\000\024\274\332\017m?\253\252*?\214\213\013?\267\266\266>\000\000\000?\000\000@\300y3\0035(\315\023?&\315\023\277*\315\023?\253\252*?\214\213\013?\267\266\266>\000\000\000?\000\000\000\000\000\000\000\000(\315\023?*\315\023?&\315\023?\253\252*?\214\213\013?\267\266\266>\000\000\000?\000\000@\300\321z\224\276(\315\023?*\315\023\277&\315\023\277\253\252*?\214\213\013?\267\266\266>Q\360\211\275QN\030\300\324z\224\276\000\000\000\000L\357.\264\000\000\200\277\253\252*?\214\213\013?\267\266\266>rk2>xb\242\277\332z\224\276\000\000\000\000\356\355.\264\000\376\177\277\253\252*?\214\213\013?\267\266\266>)\\\217\276\000\000@\300y3\0035\3625\371\276\031Q\r\277]M-?\253\252*?\214\213\013?\267\266\266>=\n\327\276\000\000@\300\321z\224\276\211\207D\277\357\275\366\276\2559\330\276\253\252*?\214\213\013?\267\266\266>>u\\\276\000\000@\300\321z\224\276\000\000\000\000l\0035\277h\0035\277\253\252*?\214\213\013?\267\266\266>)\\\217\276\036P\366\277\262P\2504:\t\035\2773\021\221=\223[I?\253\252*?\214\213\013?\267\266\266>x\n\t\276\271\307\030\300\037\315\3204\327Y\353\276]\001|\274\307Oc?\253\252*?\214\213\013?\267\266\266>)\\\217\276\000\000\000\000\000\000\000\000\003\267\001\277\023I\010?Z\227-?\253\252*?\214\213\013?\267\266\266>K\352$\276\365d\276\276\227\032\2023\305\255\342\276*\003\370;\313\207e?\253\252*?\214\213\013?\267\266\266>)\\\217\276\305v3\277\366D\3653>\365\036\277-\021\237\275\217\255G?\253\252*?\214\213\013?\267\266\266>E\324\271\275ue\300\276\337z\224\276\000\000\000\000L\357.\264\000\000\200\277\253\252*?\214\213\013?\267\266\266>\"\000X\276\236\354J\263\341z\224\276\000\000\000\000h\0035?l\0035\277\253\252*?\214\213\013?\267\266\266>\000\000\000?\237\354J\263\341z\224\276(\315\023?&\315\023?*\315\023\277\253\252*?\214\213\013?\267\266\266>h!Q\276\253!\371\277\326z\224\276\000\000\000\000L\357.\264\000\000\200\277\253\252*?\214\213\013?\267\266\266>\307eL\276\344R-\277\335z\224\276\000\000\000\000L\357.\264\000\000\200\277\253\252*?\214\213\013?\267\266\266>=\n\327\276\236\354J\263\341z\224\276\222+I\277\322\305\351>\255\215\325\276\253\252*?\214\213\013?\267\266\266>Q3\214\276\271\307\030\300\324z\224\276\226\rK\277-B\374\2747\263\033\277\253\252*?\214\213\013?\267\266\266>=\n\327\276\036P\366\277\326z\224\276\306\033c\277F\301\247=\321\205\350\276\253\252*?\214\213\013?\267\266\266>K\336j\275\2240\243\277\332z\224\276kC5\277\261\201\271\274i\2554\277\253\252*?\214\213\013?\267\266\266>=\n\327\276\306v3\277\335z\224\276\310\333c\277n\301\261\275\312\025\345\276\253\252*?\214\213\013?\267\266\266>:#\232\276\367d\276\276\337z\224\276\217CG\277\316\200\202<A\247 \277\253\252*?\214\213\013?\267\266\266>"
IndexBuffer: "\000\001\002\003\004\005\006\007\010\000\t\n\n\006\001\002\013\014\014\r\000\000\n\001\002\014\000\016\017\020\003\010\004\004\021\005\005\022\016\020\003\005\005\016\020\023\013\017\024\n\t\t\025\024\024\004\010\010\007\024\021\025\026\026\005\021\021\004\024\024\025\021\022\027\030\030\016\022\026\027\022\022\005\026\030\014\013\013\023\030\001\006\010\010\003\001\026\025\t\t\000\026\026\000\r\r\027\026\030\023\017\017\016\030\002\020\017\017\013\002\030\027\r\r\014\030\024\007\006\006\n\024\002\001\003\003\020\002"
