AEONMSH
Version: 1
Center {
  x: 12.479999542236328
  y: 12.479993807427945
  z: 35.20000457763672
}
Radii {
  x: 12.479999542236328
  y: 12.480005277044711
  z: 35.20000457763672
}
VertexFlags: 67
VertexCount: 6
IndexSize: 1
IndexCount: 24
VertexBuffer: "\024\256\307A\000\000\000\000\000\000\000\000(\315\023?(\315\023\277(\315\023\277\315\314L?\315\314L?\315\314L?\000\000\000\000\000\000\000\000\000\000\000\000\214\377E\277H\005\244\276\030\001\014\277\315\314L?\315\314L?\315\314L?\024\256\307A\024\256\307A\370r\2106H\005\244>\214\377E?\030\001\014\277\315\314L?\315\314L?\315\314L?\000\000\000\000\241m@\267\315\314\214B\214\377E\277H\005\244\276\030\001\014?\315\314L?\315\314L?\315\314L?\024\256\307A\241m@\267\315\314\214B(\315\023?(\315\023\277(\315\023?\315\314L?\315\314L?\315\314L?\024\256\307A\016\256\307A\316\314\214BH\005\244>\214\377E?\030\001\014?\315\314L?\315\314L?\315\314L?"
IndexBuffer: "\000\001\002\003\004\005\002\001\003\003\005\002\002\005\004\004\000\002\004\003\001\001\000\004"
