AEONMSH
Version: 1
Center {
  x: -0.06999999284744263
  y: 1.1000000238418577
  z: -1.4999999999999984
}
Radii {
  x: 0.5699999928474426
  y: 1.1000000238418581
  z: 1.5000000000000013
}
VertexFlags: 67
VertexCount: 18
IndexSize: 1
IndexCount: 96
VertexBuffer: "\244\377\215\276\2240\243\277\037\007_43\177\031\277\324\300\214\274\232\321L?\253\252*?\214\213\013?\267\266\266>\000\000\000?\276\023P\'\353/\016\234(\315\023?*\315\023?&\315\023?\253\252*?\214\213\013?\267\266\266>\210c\005\277\365d\276\276\227\032\2023[C-\277+\002U<yk<?\253\252*?\214\213\013?\267\266\266>-I\251=\2270\243\277\314\314\014\300\353\271\365\276.\202J\274\301\217`\277\253\252*?\214\213\013?\267\266\266>\000\000\000?\002\000@\300\313\314\014\300(\315\023?*\315\023\277&\315\023\277\253\252*?\214\213\013?\267\266\266>x\n\t\276\273\307\030\300\313\314\014\300%\253\022\277\220\301\243\274\243\277Q\277\253\252*?\214\213\013?\267\266\266>\n\327#\277\036P\366\277\262P\2504\244\367Q\277V\321\244=\"\375\020?\253\252*?\214\213\013?\267\266\266>(\327\374\276\271\307\030\300\037\315\3204d\3131\277e\301\321\274p\0218?\253\252*?\214\213\013?\267\266\266>\n\327#\277\000\000@\300y3\0035d\3751\277\374\205\377\276\ne\004?\253\252*?\214\213\013?\267\266\266>\000\000\000?\000\000@\300y3\0035(\315\023?&\315\023\277*\315\023?\253\252*?\214\213\013?\267\266\266>\n\327#\277\305v3\277\366D\3653\246!S\277T\361\257\275\036\025\017?\253\252*?\214\213\013?\267\266\266>\n\327#\277LQ\241\027\224\022\354\"n\0277\277\351\021\363>\006M\003?\253\252*?\214\213\013?\267\266\266>)\\\217\276\313v3\277\315\314\014\300u\177:\277cA\252\275\\\021.\277\253\252*?\214\213\013?\267\266\266>K\352$\276\001e\276\276\315\314\014\300\034\367\r\277\265\200#<\252\003U\277\253\252*?\214\213\013?\267\266\266>)\\\217\276\241m\300\264\315\314\014\300;I\035\277\377x\000?9\331\033\277\253\252*?\214\213\013?\267\266\266>\000\000\000?\241m\300\264\315\314\014\300(\315\023?&\315\023?*\315\023\277\253\252*?\214\213\013?\267\266\266>)\\\217\276!P\366\277\314\314\014\300r\3418\277,\201\235=`\371/\277\253\252*?\214\213\013?\267\266\266>)\\\217\276\002\000@\300\313\314\014\3000\361\027\277\0163\006\2778S\034\277\253\252*?\214\213\013?\267\266\266>"
IndexBuffer: "\000\001\002\003\004\005\000\006\007\007\010\t\t\001\000\002\n\000\001\013\002\000\007\t\003\014\r\r\016\017\017\004\003\005\020\003\004\021\005\003\r\017\t\010\021\021\004\t\014\003\000\000\n\014\001\017\016\016\013\001\020\006\000\000\003\020\020\005\007\007\006\020\016\r\002\002\013\016\014\n\002\002\r\014\021\010\007\007\005\021\001\t\004\004\017\001"
