AEONMSH
Version: 1
Center {
  x: -2.239999771118164
  y: 47.99999426519162
  z: 35.200008392333984
}
Radii {
  x: 18.239999771118164
  y: 48.00000573480838
  z: 35.200008392333984
}
VertexFlags: 131
VertexCount: 18
IndexSize: 1
IndexCount: 96
VertexBuffer: "\244\377\r\301\2240#B\037\007\33763\177\031\277\032\301\214<\232\321L\277\315\314L?\315\314L?\315\314L?\000\000\200A\276\023\320\251\353/\216\236(\315\023?(\315\023\277(\315\023\277\315\314L?\315\314L?\315\314L?\210c\205\301\365d>A\227\032\0026[C-\277\252\001U\274yk<\277\315\314L?\315\314L?\315\314L?-I)@\2210#B\316\314\214B\353\271\365\276\225\201J<\301\217`?\315\314L?\315\314L?\315\314L?\000\000\200A\376\377\277B\317\314\214B(\315\023?(\315\023?(\315\023?\315\314L?\315\314L?\315\314L?x\n\211\300\267\307\230B\317\314\214B%\253\022\277H\301\243<\243\277Q?\315\314L?\315\314L?\315\314L?\n\327\243\301\036PvB\262P(7\244\367Q\277J\321\244\275\"\375\020\277\315\314L?\315\314L?\315\314L?(\327|\301\271\307\230B\037\315P7d\3131\277\244\301\321<p\0218\277\315\314L?\315\314L?\315\314L?\n\327\243\301\000\000\300By3\2037d\3751\277\377\205\377>\te\004\277\315\314L?\315\314L?\315\314L?\000\000\200A\000\000\300By3\2037(\315\023?(\315\023?(\315\023\277\315\314L?\315\314L?\315\314L?\n\327\243\301\305v\263A\366Du6\246!S\277`\361\257=\036\025\017\277\315\314L?\315\314L?\315\314L?\n\327\243\301LQ!\032\224\022l\245n\0277\277\346\021\363\276\007M\003\277\315\314L?\315\314L?\315\314L?)\\\017\301\277v\263A\315\314\214Bu\177:\277TA\252=\\\021.?\315\314L?\315\314L?\315\314L?K\352\244\300\351d>A\315\314\214B\034\367\r\277G\201#\274\252\003U?\315\314L?\315\314L?\315\314L?)\\\017\301\241m@\267\315\314\214B;I\035\277\001y\000\2778\331\033?\315\314L?\315\314L?\315\314L?\000\000\200A\241m@\267\315\314\214B(\315\023?(\315\023\277(\315\023?\315\314L?\315\314L?\315\314L?)\\\017\301\033PvB\316\314\214Br\3418\277;\201\235\275`\371/?\315\314L?\315\314L?\315\314L?)\\\017\301\376\377\277B\317\314\214B0\361\027\277\0143\006?9S\034?\315\314L?\315\314L?\315\314L?"
IndexBuffer: "\000\001\002\003\004\005\000\006\007\007\010\t\t\001\000\002\n\000\001\013\002\000\007\t\003\014\r\r\016\017\017\004\003\005\020\003\004\021\005\003\r\017\t\010\021\021\004\t\014\003\000\000\n\014\001\017\016\016\013\001\020\006\000\000\003\020\020\005\007\007\006\020\016\r\002\002\013\016\014\n\002\002\r\014\021\010\007\007\005\021\017\001\t\t\004\017"
