AEONMSH
Version: 1
Center {
  x: 0.10999999940395355
  y: 1.1000000238418577
  z: -1.5
}
Radii {
  x: 0.39000000059604645
  y: 1.1000000238418581
  z: 1.5
}
VertexFlags: 67
VertexCount: 18
IndexSize: 1
IndexCount: 96
VertexBuffer: "-I\251=\2240\243\277\037\007_4\024\r\n\277L\201o\274\257\213W?\253\252*?\214\213\013?\267\266\266>\000\000\000?\000\000@\300y3\0035(\315\023?&\315\023\277*\315\023?\253\252*?\214\213\013?\267\266\266>\000\000\000?\000\000\000\000\000\000\000\000(\315\023?*\315\023?&\315\023?\253\252*?\214\213\013?\267\266\266>-I\251=\2270\243\277\314\314\014\300\024\r\n\277r\202o\274\257\213W\277\253\252*?\214\213\013?\267\266\266>\000\000\000?\002\000@\300\313\314\014\300(\315\023?*\315\023\277&\315\023\277\253\252*?\214\213\013?\267\266\266>x\n\t\276\273\307\030\300\313\314\014\300E\177\"\277\271\201\272\274\213\267E\277\253\252*?\214\213\013?\267\266\266>)\\\217\276!P\366\277\314\314\014\300\2149F\2776\321\241=A\267 \277\253\252*?\214\213\013?\267\266\266>)\\\217\276\036P\366\277\262P\2504\2149F\277R\321\241=A\267 ?\253\252*?\214\213\013?\267\266\266>x\n\t\276\271\307\030\300\037\315\3204E\177\"\2771\201\272\274\213\267E?\253\252*?\214\213\013?\267\266\266>)\\\217\276\000\000@\300y3\0035K\243%\277\004\305\002\277#\345\020?\253\252*?\214\213\013?\267\266\266>)\\\217\276LQ\241\027\224\022\354\"V\347*\277\366\211\371>\037\023\020?\253\252*?\214\213\013?\267\266\266>K\352$\276\365d\276\276\227\032\2023<\313\035\277\001\202;<\223\215I?\253\252*?\214\213\013?\267\266\266>)\\\217\276\305v3\277\366D\3653\217\237G\277N\301\255\275>\307\036?\253\252*?\214\213\013?\267\266\266>)\\\217\276\313v3\277\315\314\014\300\217\237G\277j\301\255\275>\307\036\277\253\252*?\214\213\013?\267\266\266>K\352$\276\001e\276\276\315\314\014\300<\313\035\277\355\200;<\223\215I\277\253\252*?\214\213\013?\267\266\266>)\\\217\276\241m\300\264\315\314\014\300V\347*\277\360\211\371>!\023\020\277\253\252*?\214\213\013?\267\266\266>\000\000\000?\241m\300\264\315\314\014\300(\315\023?&\315\023?*\315\023\277\253\252*?\214\213\013?\267\266\266>)\\\217\276\002\000@\300\313\314\014\300K\243%\277\010\305\002\277!\345\020\277\253\252*?\214\213\013?\267\266\266>"
IndexBuffer: "\000\001\002\003\004\005\000\003\006\006\007\000\000\007\010\010\t\001\002\n\013\013\014\000\000\010\001\002\013\000\014\r\003\003\000\014\003\r\016\016\017\020\020\004\003\005\006\003\004\021\005\003\016\020\007\006\005\005\010\007\010\005\021\021\t\010\017\n\002\002\020\017\001\004\020\020\002\001\004\001\t\t\021\004\n\017\016\016\013\n\013\016\r\r\014\013"
