AEONMSH
Version: 1
Center {
  x: 3.5199999809265137
  y: 47.99999426519162
  z: 35.200008392333984
}
Radii {
  x: 12.480000019073486
  y: 48.00000573480838
  z: 35.200008392333984
}
VertexFlags: 67
VertexCount: 18
IndexSize: 1
IndexCount: 96
VertexBuffer: "-I)@\2240#B\037\007\3376\024\r\n\277\337\201o<\257\213W\277\315\314L?\315\314L?\315\314L?\000\000\200A\000\000\300By3\2037(\315\023?(\315\023?(\315\023\277\315\314L?\315\314L?\315\314L?\000\000\200A\332\016\034\251\361G\325\235(\315\023?(\315\023\277(\315\023\277\315\314L?\315\314L?\315\314L?-I)@\2210#B\316\314\214B\024\r\n\277\337\201o<\257\213W?\315\314L?\315\314L?\315\314L?\000\000\200A\376\377\277B\317\314\214B(\315\023?(\315\023?(\315\023?\315\314L?\315\314L?\315\314L?x\n\211\300\267\307\230B\317\314\214BE\177\"\277u\201\272<\213\267E?\315\314L?\315\314L?\315\314L?)\\\017\301\036PvB\262P(7\2149F\277D\321\241\275A\267 \277\315\314L?\315\314L?\315\314L?x\n\211\300\271\307\230B\037\315P7E\177\"\277u\201\272<\213\267E\277\315\314L?\315\314L?\315\314L?)\\\017\301\000\000\300By3\2037K\243%\277\006\305\002?\"\345\020\277\315\314L?\315\314L?\315\314L?)\\\017\301\332\016\034\251?\024l\245V\347*\277\363\211\371\276 \023\020\277\315\314L?\315\314L?\315\314L?K\352\244\300\365d>A\227\032\0026<\313\035\277w\201;\274\223\215I\277\315\314L?\315\314L?\315\314L?)\\\017\301\305v\263A\366Du6\217\237G\277\\\301\255=>\307\036\277\315\314L?\315\314L?\315\314L?)\\\017\301\277v\263A\315\314\214B\217\237G\277\\\301\255=>\307\036?\315\314L?\315\314L?\315\314L?K\352\244\300\351d>A\315\314\214B<\313\035\277w\201;\274\223\215I?\315\314L?\315\314L?\315\314L?)\\\017\301\241m@\267\315\314\214BV\347*\277\363\211\371\276 \023\020?\315\314L?\315\314L?\315\314L?\000\000\200A\241m@\267\315\314\214B(\315\023?(\315\023\277(\315\023?\315\314L?\315\314L?\315\314L?)\\\017\301\033PvB\316\314\214B\2149F\277D\321\241\275A\267 ?\315\314L?\315\314L?\315\314L?)\\\017\301\376\377\277B\317\314\214BK\243%\277\006\305\002?\"\345\020?\315\314L?\315\314L?\315\314L?"
IndexBuffer: "\000\001\002\003\004\005\000\006\007\007\010\001\002\t\n\n\013\000\000\007\001\002\n\000\003\014\r\r\016\017\017\004\003\005\020\003\004\021\005\003\r\017\021\004\001\001\010\021\010\007\005\005\021\010\006\000\003\003\020\006\014\013\n\n\r\014\017\002\001\001\004\017\017\016\t\t\002\017\007\006\020\020\005\007\003\000\013\013\014\003\n\t\016\016\r\n"
