AEONMSH
Version: 1
Center {
  x: 0.46000000834465027
  y: 0.14499999582767487
  z: -0.46000000834464594
}
Radii {
  x: 0.46000000834465027
  y: 0.14499999582767487
  z: 0.4600000083446546
}
VertexFlags: 67
VertexCount: 8
IndexSize: 1
IndexCount: 36
VertexBuffer: "\037\205k?\237\354J\263\341z\224\276(\315\023?&\315\023?*\315\023\277\253\252*?\214\213\013?\267\266\266>\037\205k?\t\0006\277\335z\224\276j\0035?\014c\367\263j\0035\277\253\252*?\214\213\013?\267\266\266><\237Q>\235\354J\263\341z\224\276\000\000\000\000h\0035?l\0035\277\253\252*?\214\213\013?\267\266\266>\037\205k?\000\000\000\000\000\000\000\000(\315\023?*\315\023?&\315\023?\253\252*?\214\213\013?\267\266\266>)\\\017>\000\000\000\000\000\000\000\000>\'\037\277\204\005\300>_\0050?\253\252*?\214\213\013?\267\266\266>\037\205k?\024\256G\277\370r\0104\200\005\300><\'\037\277b\0050?\253\252*?\214\213\013?\267\266\266>\037\205k? \205k\277\334z\224\276(\021\224>\300y_\277\215\031\311\276\253\252*?\214\213\013?\267\266\266>\000\000\000\000,\356J\263\341z\224\276\277y_\277&\021\224>\224\031\311\276\253\252*?\214\213\013?\267\266\266>"
IndexBuffer: "\000\001\002\003\004\005\002\006\007\005\006\001\007\004\002\002\001\006\004\007\006\006\005\004\003\005\001\001\000\003\003\000\002\002\004\003"
