AEONMSH
Version: 1
Center {
  x: 0.5
  y: 1.0500000417232513
  z: 0.1000000014897927
}
Radii {
  x: 0.5
  y: 1.3500000536441803
  z: 0.10000000149043954
}
VertexFlags: 67
VertexCount: 25
IndexSize: 1
IndexCount: 114
VertexBuffer: "\000\000\000\000\241m\300\264\315\314\014\300j\0035\277j\0035\277\014c\3673\307\306F?\275\274\274>\275\274\274>\000\000\200?\241m\300\264\315\314\014\300j\0035?j\0035\277\014c\3673\307\306F?\275\274\274>\275\274\274>\000\000\000?\276\237D1\267\317\217<\000\000\000\000\253\rV\277\033i\014?\307\306F?\275\274\274>\275\274\274>K\3442>\315\314\314=\260a/:\000\000\000\000\000\000\200?L\357.\264\307\306F?\275\274\274>\275\274\274>V\014\002)\324\314\314=\231\231\231>\255\255\326\276\036\025\016?n\3517?\307\306F?\275\274\274>\275\274\274>\000\000\000?\315\314\314=\256\317\217<\000\000\000\000\255\rV?\027i\014?\307\306F?\275\274\274>\275\274\274>V\014\002)\235\314\314=\315\314\014\300\317\215g\2777]\232>3]\232>\307\306F?\275\274\274>\275\274\274>K\3442>\241\314\314=\204\236\001\300\000\000\000\000\000\000\200?L\357.\264\307\306F?\275\274\274>\275\274\274>\000\000\000?\311\314\314=\363{;\276\000\000\000\000\000\000\200?L\357.\264\307\306F?\275\274\274>\275\274\274>\355FS?\315\314\314=\260a/:\000\000\000\000\000\000\200?L\357.\264\307\306F?\275\274\274>\275\274\274>\000\000\200?\324\314\314=\231\231\231>\255\255\326>\036\025\016?n\3517?\307\306F?\275\274\274>\275\274\274>\000\000\200?\235\314\314=\315\314\014\300\317\215g?7]\232>3]\232>\307\306F?\275\274\274>\275\274\274>\355FS?\241\314\314=\204\236\001\300\000\000\000\000\000\000\200?L\357.\264\307\306F?\275\274\274>\275\274\274>\000\000\000\000\353\353Q3\232\231\231>\255\255\326\276\032\025\016\277r\3517?\307\306F?\275\274\274>\275\274\274>\000\000\200??\353Q3\232\231\231>\255\255\326>\032\025\016\277r\3517?\307\306F?\275\274\274>\275\274\274>\000\000\200?\364\353\321\264\232\231\031\300(\315\023?*\315\023\277&\315\023\277\307\306F?\275\274\274>\275\274\274>\000\000\200?\364\353\321\264\232\231\031\300(\315\023?*\315\023\277&\315\023\277\253\252*?\214\213\013?\267\266\266>\000\000\200?\263\314L>\232\231\031\300(\315\023?&\315\023?*\315\023\277\253\252*?\214\213\013?\267\266\266>\000\000\200?\265\314L>\315\314\014\300(\315\023?*\315\023?&\315\023?\253\252*?\214\213\013?\267\266\266>\000\000\200?\235\314\314=\315\314\014\300\317\215g?7]\232>3]\232>\253\252*?\214\213\013?\267\266\266>\000\000\000\000\364\353\321\264\232\231\031\300(\315\023\277*\315\023\277&\315\023\277\307\306F?\275\274\274>\275\274\274>V\014\002)\263\314L>\232\231\031\300(\315\023\277&\315\023?*\315\023\277\253\252*?\214\213\013?\267\266\266>V\014\002)\265\314L>\315\314\014\300(\315\023\277*\315\023?&\315\023?\253\252*?\214\213\013?\267\266\266>\000\000\000\000\364\353\321\264\232\231\031\300(\315\023\277*\315\023\277&\315\023\277\253\252*?\214\213\013?\267\266\266>V\014\002)\235\314\314=\315\314\014\300\317\215g\2777]\232>3]\232>\253\252*?\214\213\013?\267\266\266>"
IndexBuffer: "\000\001\002\003\004\005\004\003\006\006\003\007\010\007\003\010\003\t\003\005\t\n\t\005\t\n\013\006\007\013\014\013\007\t\013\014\002\r\000\001\016\002\017\013\001\020\021\022\022\023\020\006\024\000\021\025\026\026\022\021\025\021\020\020\027\025\022\026\030\030\023\022\025\027\030\030\026\025\000\024\017\017\001\000\r\004\006\006\000\r\005\002\016\016\n\005\004\r\002\002\005\004\010\t\014\014\007\010\001\013\n\n\016\001"
