AEONMSH
Version: 1
Center {
  x: 8.0
  y: 7.999994265191617
  z: 35.20000076293945
}
Radii {
  x: 8.0
  y: 8.000005734808383
  z: 35.20000076293945
}
VertexFlags: 131
VertexCount: 8
IndexSize: 1
IndexCount: 36
VertexBuffer: "\000\000\200A\316\261\024\267\232\231YBo\2377?CW!\2770\035\230>\315\314L?\315\314L?\315\314L?\000\000\000\000\000\000\000\000\000\000\000\000(\315\023\277(\315\023\277(\315\023\277\315\314L?\315\314L?\315\314L?\000\000\200A\000\000\000\000\000\000\000\000(\315\023?(\315\023\277(\315\023\277\315\314L?\315\314L?\315\314L?\000\000\000\000\000\000\200AL\357.6(\315\023\277(\315\023?(\315\023\277\315\314L?\315\314L?\315\314L?\000\000\200A\367\377\177A\233\231YBo\2377?CW!?0\035\230>\315\314L?\315\314L?\315\314L?\000\000\200A\000\000\200AL\357.6(\315\023?(\315\023?(\315\023\277\315\314L?\315\314L?\315\314L?\000\000\000\000\241m@\267\315\314\214BH\005\244\276\030\001\014\277\214\377E?\315\314L?\315\314L?\315\314L?\000\000\000\000\364\377\177A\315\314\214BH\005\244\276\030\001\014?\214\377E?\315\314L?\315\314L?\315\314L?"
IndexBuffer: "\000\001\002\003\004\005\000\006\001\007\006\000\000\004\007\003\007\004\000\002\005\005\004\000\001\006\007\007\003\001\002\001\003\003\005\002"
