AEONMSH
Version: 1
Center {
  x: 8.0
  y: 47.99999426519162
  z: 35.2000148830939
}
Radii {
  x: 8.0
  y: 48.00000573480838
  z: 35.20000190157407
}
VertexFlags: 67
VertexCount: 26
IndexSize: 1
IndexCount: 144
VertexBuffer: "\315\314LA\376\377\237B\317\314\214B5]\232>5]\232\276\317\215g?\315\314L?\315\314L?\315\314L?\000\000\200A\376\377\237B\317\314\214B(\315\023?(\315\023\277(\315\023?\315\314L?\315\314L?\315\314L?\000\000\200A\376\377\277B\317\314\214B(\315\023?(\315\023?(\315\023?\315\314L?\315\314L?\315\314L?\315\314L@(\035tB-\0354B\202\365@\277\334\345\355\276\334\345\355\276\315\314L?\315\314L?\315\314L?\315\314L@\"z!B\242TkB\202\365@\277\002\301\200\2767k\033\277\315\314L?\315\314L?\315\314L?\315\314L@\376\377\237B\317\314\214B5]\232\2765]\232\276\317\215g?\315\314L?\315\314L?\315\314L?\315\314LA\"z!B\242TkB\202\365@?\002\301\200\2767k\033\277\315\314L?\315\314L?\315\314L?\315\314LA(\035tB-\0354B\202\365@?\334\345\355\276\334\345\355\276\315\314L?\315\314L?\315\314L?\000\000\200A\000\000\300By3\2037(\315\023?(\315\023?(\315\023\277\315\314L?\315\314L?\315\314L?\000\000\200A\000\000\240B\037\253Z7(\315\023?(\315\023\277(\315\023\277\315\314L?\315\314L?\315\314L?\315\314LA\000\000\240B\037\253Z75]\232>5]\232\276\317\215g\277\315\314L?\315\314L?\315\314L?\315\314L@\000\000\240B\037\253Z75]\232\2765]\232\276\317\215g\277\315\314L?\315\314L?\315\314L?\000\000\000\000\000\000\240B\037\253Z7(\315\023\277(\315\023\277(\315\023\277\315\314L?\315\314L?\315\314L?\000\000\000\000\000\000\300By3\2037(\315\023\277(\315\023?(\315\023\277\315\314L?\315\314L?\315\314L?\000\000\000\000\376\377\277B\317\314\214B(\315\023\277(\315\023?(\315\023?\315\314L?\315\314L?\315\314L?\000\000\000\000\376\377\237B\317\314\214B(\315\023\277(\315\023\277(\315\023?\315\314L?\315\314L?\315\314L?\315\314L@O\252\225BO\364\302A\202\365@\2777k\033\277\002\301\200\276\315\314L?\315\314L?\315\314L?\315\314L@)\\\237B4\313Y7-\237\026\277\007Q\003\277@\001 \277\315\314L?\315\314L?\315\314L?\315\314L@a\017.\267R\270~B(\315\023\277(\315\023\277(\315\023\277\315\314L?\315\314L?\315\314L?\315\314L@\241m@\267\315\314\214B(\315\023\277(\315\023\277(\315\023?\315\314L?\315\314L?\315\314L?\315\314L@\365\377\177AS\270~Bv\325:\277\0221\211\275\\\'.\277\315\314L?\315\314L?\315\314L?\315\314LA\241m@\267\315\314\214B(\315\023?(\315\023\277(\315\023?\315\314L?\315\314L?\315\314L?\315\314LA\365\377\177AS\270~Bv\325:?\0221\211\275\\\'.\277\315\314L?\315\314L?\315\314L?\315\314LAa\017.\267R\270~B(\315\023?(\315\023\277(\315\023\277\315\314L?\315\314L?\315\314L?\315\314LA)\\\237B4\313Y7-\237\026?\007Q\003\277@\001 \277\315\314L?\315\314L?\315\314L?\315\314LAO\252\225BO\364\302A\202\365@?7k\033\277\002\301\200\276\315\314L?\315\314L?\315\314L?"
IndexBuffer: "\000\001\002\003\004\005\000\006\007\010\t\n\013\014\r\016\017\005\005\013\020\013\021\020\022\023\024\024\023\005\005\020\003\004\024\005\000\025\026\025\027\026\030\n\031\031\n\000\000\026\006\007\031\000\000\n\t\t\001\000\n\013\r\r\010\n\022\027\025\025\023\022\002\001\t\t\010\002\016\002\010\010\r\016\024\004\006\006\026\024\020\021\030\030\031\020\014\017\016\016\r\014\013\n\030\030\021\013\023\025\000\000\005\023\027\022\024\024\026\027\004\003\007\007\006\004\016\005\000\000\002\016\013\005\017\017\014\013\003\020\031\031\007\003"
