AEONMSH
Version: 1
Center {
  x: 0.25
  y: 0.550000011920929
  z: -1.5
}
Radii {
  x: 0.25
  y: 0.550000011920929
  z: 1.5
}
VertexFlags: 67
VertexCount: 24
IndexSize: 1
IndexCount: 144
VertexBuffer: "\315\314\314=\003\000\000\277\314\314\214\277\022\325\210\276\024\325\010\277\231AM\277\342\341a?\343\342b?\347\346f?\000\000\000\000\003\000\000\277\314\314\214\277(\315\023\277*\315\023\277&\315\023\277\342\341a?\343\342b?\347\346f?\000\000\000\000\241m@\264\315\314\214\277(\315\023\277&\315\023?*\315\023\277\342\341a?\343\342b?\347\346f?\315\314\314>\001\000 \300\312\314\214\277\022\325\210>\020\325\010?\233AM\277\342\341a?\343\342b?\347\346f?\000\000\000?\001\000 \300\312\314\214\277(\315\023?&\315\023?*\315\023\277\342\341a?\343\342b?\347\346f?\000\000\000?\001\000@\300\311\314\214\277(\315\023?*\315\023\277&\315\023\277\342\341a?\343\342b?\347\346f?\000\000\000?\241m@\264\315\314\214\277(\315\023?&\315\023?*\315\023\277\342\341a?\343\342b?\347\346f?\000\000\000?\003\000\000\277\314\314\214\277(\315\023?*\315\023\277&\315\023\277\342\341a?\343\342b?\347\346f?\315\314\314>\003\000\000\277\314\314\214\277\022\325\210>\024\325\010\277\231AM\277\342\341a?\343\342b?\347\346f?\000\000\000\000\000\000\000\000\000\000\000\000(\315\023\277*\315\023?&\315\023?\342\341a?\343\342b?\347\346f?\000\000\000\000\000\000\000\277L\357\2563(\315\023\277&\315\023\277*\315\023?\342\341a?\343\342b?\347\346f?\315\314\314=\000\000\000\277L\357\2563\022\325\210\276\020\325\010\277\233AM?\342\341a?\343\342b?\347\346f?\315\314\314>\000\000\000\277L\357\2563\022\325\210>\020\325\010\277\233AM?\342\341a?\343\342b?\347\346f?\000\000\000?\000\000\000\277L\357\2563(\315\023?&\315\023\277*\315\023?\342\341a?\343\342b?\347\346f?\000\000\000?\000\000\000\000\000\000\000\000(\315\023?*\315\023?&\315\023?\342\341a?\343\342b?\347\346f?\315\314\314=\001\000 \300\312\314\214\277\022\325\210\276\020\325\010?\233AM\277\342\341a?\343\342b?\347\346f?\315\314\314=\000\000 \300\037\253\3324\022\325\210\276\024\325\010?\231AM?\342\341a?\343\342b?\347\346f?\315\314\314>\000\000 \300\037\253\3324\022\325\210>\024\325\010?\231AM?\342\341a?\343\342b?\347\346f?\000\000\000?\000\000@\300y3\0035(\315\023?&\315\023\277*\315\023?\342\341a?\343\342b?\347\346f?\000\000\000?\000\000 \300\037\253\3324(\315\023?*\315\023?&\315\023?\342\341a?\343\342b?\347\346f?\000\000\000\000\000\000 \300\037\253\3324(\315\023\277*\315\023?&\315\023?\342\341a?\343\342b?\347\346f?\000\000\000\000\000\000@\300y3\0035(\315\023\277&\315\023\277*\315\023?\342\341a?\343\342b?\347\346f?\000\000\000\000\001\000@\300\311\314\214\277(\315\023\277*\315\023\277&\315\023\277\342\341a?\343\342b?\347\346f?\000\000\000\000\001\000 \300\312\314\214\277(\315\023\277&\315\023?*\315\023\277\342\341a?\343\342b?\347\346f?"
IndexBuffer: "\000\001\002\003\004\005\006\007\010\t\n\013\014\r\016\017\020\013\013\000\017\014\013\020\020\021\014\010\014\021\021\003\010\022\023\021\020\024\025\026\027\017\010\003\017\017\000\010\003\017\020\020\021\003\026\017\003\003\005\026\006\002\t\t\016\006\026\005\022\022\025\026\006\010\000\000\002\006\003\021\023\023\004\003\023\022\005\005\004\023\013\014\016\016\t\013\021\020\025\025\022\021\014\010\007\007\r\014\n\t\002\002\001\n\000\010\014\014\013\000\000\013\n\n\001\000\007\006\016\016\r\007\027\026\025\025\024\027\020\017\027\027\024\020"
