AEONMSH
Version: 1
Center {
  x: 8.0
  y: 47.99999713259581
  z: 17.600008010864258
}
Radii {
  x: 8.0
  y: 48.00000286740419
  z: 17.600008010864258
}
VertexFlags: 67
VertexCount: 24
IndexSize: 1
IndexCount: 144
VertexBuffer: "\315\314L@\372\377\177A\316\314\014B\022\325\210\276\022\325\010?\232AM?\315\314L?\315\314L?\315\314L?\000\000\000\000\372\377\177A\316\314\014B(\315\023\277(\315\023?(\315\023?\315\314L?\315\314L?\315\314L?\000\000\000\000\241m\300\266\315\314\014B(\315\023\277(\315\023\277(\315\023?\315\314L?\315\314L?\315\314L?\315\314LA\377\377\237B\320\314\014B\022\325\210>\022\325\010\277\232AM?\315\314L?\315\314L?\315\314L?\000\000\200A\377\377\237B\320\314\014B(\315\023?(\315\023\277(\315\023?\315\314L?\315\314L?\315\314L?\000\000\200A\377\377\277B\321\314\014B(\315\023?(\315\023?(\315\023?\315\314L?\315\314L?\315\314L?\000\000\200A\241m\300\266\315\314\014B(\315\023?(\315\023\277(\315\023?\315\314L?\315\314L?\315\314L?\000\000\200A\372\377\177A\316\314\014B(\315\023?(\315\023?(\315\023?\315\314L?\315\314L?\315\314L?\315\314LA\372\377\177A\316\314\014B\022\325\210>\022\325\010?\232AM?\315\314L?\315\314L?\315\314L?\000\000\000\000\000\000\000\000\000\000\000\000(\315\023\277(\315\023\277(\315\023\277\315\314L?\315\314L?\315\314L?\000\000\000\000\000\000\200AL\357.6(\315\023\277(\315\023?(\315\023\277\315\314L?\315\314L?\315\314L?\315\314L@\000\000\200AL\357.6\022\325\210\276\022\325\010?\232AM\277\315\314L?\315\314L?\315\314L?\315\314LA\000\000\200AL\357.6\022\325\210>\022\325\010?\232AM\277\315\314L?\315\314L?\315\314L?\000\000\200A\000\000\200AL\357.6(\315\023?(\315\023?(\315\023\277\315\314L?\315\314L?\315\314L?\000\000\200A\000\000\000\000\000\000\000\000(\315\023?(\315\023\277(\315\023\277\315\314L?\315\314L?\315\314L?\000\000\200A\000\000\300By3\2037(\315\023?(\315\023?(\315\023\277\315\314L?\315\314L?\315\314L?\000\000\200A\000\000\240B\037\253Z7(\315\023?(\315\023\277(\315\023\277\315\314L?\315\314L?\315\314L?\315\314LA\000\000\240B\037\253Z7\022\325\210>\022\325\010\277\232AM\277\315\314L?\315\314L?\315\314L?\315\314L@\000\000\240B\037\253Z7\022\325\210\276\022\325\010\277\232AM\277\315\314L?\315\314L?\315\314L?\000\000\000\000\000\000\240B\037\253Z7(\315\023\277(\315\023\277(\315\023\277\315\314L?\315\314L?\315\314L?\000\000\000\000\000\000\300By3\2037(\315\023\277(\315\023?(\315\023\277\315\314L?\315\314L?\315\314L?\000\000\000\000\377\377\277B\321\314\014B(\315\023\277(\315\023?(\315\023?\315\314L?\315\314L?\315\314L?\000\000\000\000\377\377\237B\320\314\014B(\315\023\277(\315\023\277(\315\023?\315\314L?\315\314L?\315\314L?\315\314L@\377\377\237B\320\314\014B\022\325\210\276\022\325\010\277\232AM?\315\314L?\315\314L?\315\314L?"
IndexBuffer: "\000\001\002\003\004\005\006\007\010\t\n\013\014\r\016\017\020\021\022\023\024\025\026\027\006\010\000\000\002\006\020\017\005\005\004\020\003\027\022\022\021\003\n\t\002\002\001\n\026\025\024\024\023\026\007\006\016\016\r\007\003\010\014\014\021\003\021\022\024\024\017\021\022\027\026\026\023\022\013\000\027\027\022\013\013\014\016\016\t\013\014\010\007\007\r\014\006\002\t\t\016\006\025\027\003\003\005\025\025\005\017\017\024\025\000\013\n\n\001\000\000\010\003\003\027\000\000\010\014\014\013\000\021\014\013\013\022\021\003\021\020\020\004\003"
