AEONMSH
Version: 1
Center {
  x: 0.25
  y: 1.100000023841858
  z: -1.4999999999999942
}
Radii {
  x: 0.25
  y: 1.100000023841858
  z: 1.5000000000000058
}
VertexFlags: 67
VertexCount: 32
IndexSize: 1
IndexCount: 144
VertexBuffer: "\315\314\314>\002\000 \300\313\314\014\3005]\232>0]\232>\320\215g\277\342\341a?\343\342b?\347\346f?\000\000\000?\002\000 \300\313\314\014\300(\315\023?&\315\023?*\315\023\277\342\341a?\343\342b?\347\346f?\000\000\000?\002\000@\300\313\314\014\300(\315\023?*\315\023\277&\315\023\277\342\341a?\343\342b?\347\346f?\315\314\314=,\035\364\277\'\035\264\277\202\365@\277\337\345\355>\331\345\355>\310\307G?\311\310H?\315\314L?\315\314\314=(z\241\277\236T\353\277\202\365@\277\005\301\200>6k\033?\310\307G?\311\310H?\315\314L?\315\314\314=\002\000 \300\313\314\014\3005]\232\2760]\232>\320\215g\277\310\307G?\311\310H?\315\314L?\315\314\314>\002\000 \300\313\314\014\3005]\232>0]\232>\320\215g\277\310\307G?\311\310H?\315\314L?\315\314\314>(z\241\277\236T\353\277\202\365@?\005\301\200>6k\033?\310\307G?\311\310H?\315\314L?\315\314\314>,\035\364\277\'\035\264\277\202\365@?\337\345\355>\331\345\355>\310\307G?\311\310H?\315\314L?\000\000\000?\000\000@\300y3\0035(\315\023?&\315\023\277*\315\023?\342\341a?\343\342b?\347\346f?\000\000\000?\000\000 \300\037\253\3324(\315\023?*\315\023?&\315\023?\342\341a?\343\342b?\347\346f?\315\314\314>\000\000 \300\037\253\33245]\232>:]\232>\316\215g?\342\341a?\343\342b?\347\346f?\315\314\314=\000\000 \300\037\253\33245]\232\276:]\232>\316\215g?\342\341a?\343\342b?\347\346f?\000\000\000\000\000\000 \300\037\253\3324(\315\023\277*\315\023?&\315\023?\342\341a?\343\342b?\347\346f?\000\000\000\000\000\000@\300y3\0035(\315\023\277&\315\023\277*\315\023?\342\341a?\343\342b?\347\346f?\000\000\000\000\002\000@\300\313\314\014\300(\315\023\277*\315\023\277&\315\023\277\342\341a?\343\342b?\347\346f?\000\000\000\000\002\000 \300\313\314\014\300(\315\023\277&\315\023?*\315\023\277\342\341a?\343\342b?\347\346f?\315\314\314=\002\000 \300\313\314\014\3005]\232\2760]\232>\320\215g\277\342\341a?\343\342b?\347\346f?\315\314\314>\000\000 \300\037\253\33245]\232>:]\232>\316\215g?\310\307G?\311\310H?\315\314L?\315\314\314>)\\\037\3004\313\3314-\237\026?\tQ\003??\001 ?\310\307G?\311\310H?\315\314L?\315\314\314=)\\\037\3004\313\3314-\237\026\277\tQ\003??\001 ?\310\307G?\311\310H?\315\314L?\315\314\314=\000\000 \300\037\253\33245]\232\276:]\232>\316\215g?\310\307G?\311\310H?\315\314L?\315\314\314=Q\252\025\300C\364B\277\202\365@\2778k\033?\377\300\200>\310\307G?\311\310H?\315\314L?\315\314\314=a\017\256\264R\270\376\277(\315\023\277*\315\023?&\315\023?\342\341a?\343\342b?\347\346f?\315\314\314=\241m\300\264\315\314\014\300(\315\023\277&\315\023?*\315\023\277\342\341a?\343\342b?\347\346f?\315\314\314=\005\000\000\277Q\270\376\277v\325:\277!1\211=\\\'.?\342\341a?\343\342b?\347\346f?\315\314\314=\005\000\000\277Q\270\376\277v\325:\277!1\211=\\\'.?\310\307G?\311\310H?\315\314L?\315\314\314>\241m\300\264\315\314\014\300(\315\023?&\315\023?*\315\023\277\342\341a?\343\342b?\347\346f?\315\314\314>\005\000\000\277Q\270\376\277v\325:?!1\211=\\\'.?\342\341a?\343\342b?\347\346f?\315\314\314>a\017\256\264R\270\376\277(\315\023?*\315\023?&\315\023?\342\341a?\343\342b?\347\346f?\315\314\314>Q\252\025\300C\364B\277\202\365@?8k\033?\377\300\200>\310\307G?\311\310H?\315\314L?\315\314\314>\005\000\000\277Q\270\376\277v\325:?!1\211=\\\'.?\310\307G?\311\310H?\315\314L?"
IndexBuffer: "\000\001\002\003\004\005\006\007\010\003\010\007\007\004\003\t\n\013\014\r\016\017\020\021\022\023\024\024\025\022\005\025\026\025\024\026\027\030\031\031\030\021\005\026\003\004\032\005\033\000\021\021\030\033\000\033\034\033\035\034\023\022\036\036\022\006\006\037\007\010\036\006\026\036\010\010\003\026\004\007\037\037\032\004\024\023\036\036\026\024\013\014\016\016\t\013\035\027\031\031\034\035\017\002\t\t\016\017\000\013\n\n\001\000\017\021\000\000\002\017\n\t\002\002\001\n\027\035\033\033\030\027\020\017\016\016\r\020\014\021\020\020\r\014"
