AEONMSH
Version: 1
Center {
  x: 1.5
  y: 0.15000000596046448
  z: -1.5
}
Radii {
  x: 1.5
  y: 0.15000000596046448
  z: 1.5
}
VertexFlags: 67
VertexCount: 8
IndexSize: 1
IndexCount: 36
VertexBuffer: "\000\000@@\365\353Q\263\232\231\231\276(\315\023?&\315\023?*\315\023\277\253\252*?\214\213\013?\267\266\266>\000\000@@\000\000\000\000\000\000\000\000(\315\023?*\315\023?&\315\023?\253\252*?\214\213\013?\267\266\266>\000\000@@\000\000@\300y3\0035(\315\023?&\315\023\277*\315\023?\253\252*?\214\213\013?\267\266\266>\000\000@@\000\000@\300\212\231\231\276(\315\023?*\315\023\277&\315\023\277\253\252*?\214\213\013?\267\266\266>\000\000\000\000\000\000@\300y3\0035(\315\023\277&\315\023\277*\315\023?\253\252*?\214\213\013?\267\266\266>\000\000\000\000\000\000@\300\212\231\231\276(\315\023\277*\315\023\277&\315\023\277\253\252*?\214\213\013?\267\266\266>\000\000\000\000\000\000\000\000\000\000\000\000(\315\023\277*\315\023?&\315\023?\253\252*?\214\213\013?\267\266\266>\000\000\000\000\365\353Q\263\232\231\231\276(\315\023\277&\315\023?*\315\023\277\253\252*?\214\213\013?\267\266\266>"
IndexBuffer: "\000\001\002\002\003\000\003\002\004\004\005\003\005\004\006\006\007\005\007\000\003\003\005\007\007\006\001\001\000\007\004\002\001\001\006\004"
