AEONMSH
Version: 1
Center {
  x: 1.5
  y: 0.15000000596046448
  z: -1.5
}
Radii {
  x: 1.5
  y: 0.15000000596046448
  z: 1.5
}
VertexFlags: 67
VertexCount: 12
IndexSize: 1
IndexCount: 60
VertexBuffer: "\000\000\000\000\000\000@\300y3\0035(\315\023\277&\315\023\277*\315\023?\342\341a?\343\342b?\347\346f?\205%6?\000\000@\300\212\231\231\276\276A_=d\3050\277o\2438\277\342\341a?\343\342b?\347\346f?0*\205?\000\000@\300\337\377\177\276\252\301T=uu9\277^\365/\277\342\341a?\343\342b?\347\346f?0*\205?L\357.\263\000\000\200\276\252\301T=qu9?b\365/\277\342\341a?\343\342b?\347\346f?\000\000\000\000\000\000\000\000\000\000\000\000(\315\023\277*\315\023?&\315\023?\342\341a?\343\342b?\347\346f?\000\000@@\000\000\000\000\000\000\000\000(\315\023?*\315\023?&\315\023?\342\341a?\343\342b?\347\346f?\000\000@@\000\000@\300\337\377\177\276(\315\023?*\315\023\277&\315\023\277\342\341a?\343\342b?\347\346f?\000\000@@\000\000@\300y3\0035(\315\023?&\315\023\277*\315\023?\342\341a?\343\342b?\347\346f?\000\000\000\000\000\000@\300\212\231\231\276(\315\023\277*\315\023\277&\315\023\277\342\341a?\343\342b?\347\346f?\000\000@@L\357.\263\000\000\200\276(\315\023?&\315\023?*\315\023\277\342\341a?\343\342b?\347\346f?\205%6?\365\353Q\263\232\231\231\276\276A_=`\3050?s\2438\277\342\341a?\343\342b?\347\346f?\000\000\000\000\365\353Q\263\232\231\231\276(\315\023\277&\315\023?*\315\023\277\342\341a?\343\342b?\347\346f?"
IndexBuffer: "\000\001\002\003\004\005\006\007\002\000\010\001\002\007\000\t\006\002\002\003\t\005\t\003\003\n\004\013\004\n\010\013\n\n\001\010\013\010\000\000\004\013\t\005\007\007\006\t\004\000\007\007\005\004\002\001\n\n\003\002"
