AEONMSH
Version: 1
Center {
  x: 48.0
  y: 47.9999992179807
  z: 4.8000078201293945
}
Radii {
  x: 48.0
  y: 48.0000007820193
  z: 4.8000078201293945
}
VertexFlags: 131
VertexCount: 18
IndexSize: 1
IndexCount: 96
VertexBuffer: "\000\000\300B0*\005B\006\000\000Av\357:?\332\001m=]C.?\315\314L?\315\314L?\315\314L?\000\000\300B\000\000\000\000\000\000\000\000(\315\023?(\315\023\277(\315\023\277\315\314L?\315\314L?\315\314L?\000\000\300B\000\000\300By3\2037(\315\023?(\315\023?(\315\023\277\315\314L?\315\314L?\315\314L?1B\030B&\001\220B\014\000\000A@A\240=\n\301\004=\376\023\177?\315\314L?\315\314L?\315\314L?\n\242NB\n\242NB\t\000\000A\353au=\353au=\376\023\177?\315\314L?\315\314L?\315\314L?\000\000\300B\000\000\300B\020\000\000A(\315\023?(\315\023?(\315\023?\315\314L?\315\314L?\315\314L?0*\005B\000\000\300B\020\000\000A\332\001m=v\357:?]C.?\315\314L?\315\314L?\315\314L?\000\000\000\000\000\000\300By3\2037(\315\023\277(\315\023?(\315\023\277\315\314L?\315\314L?\315\314L?\177\3360B\177\3360B\242\231\031A~!?=~!?=\377o\177?\315\314L?\315\314L?\315\314L?\365\275\342Ab\363\207B\246\231\031A\363\241y=\236\301\316<\377o\177?\315\314L?\315\314L?\315\314L?\000\000\000\000\365\353\321\265\232\231\031A(\315\023\277(\315\023\277(\315\023?\315\314L?\315\314L?\315\314L?\000\000\300B\204%\266A\236\231\031Ad\3731?\204AB=o\2317?\315\314L?\315\314L?\315\314L?\000\000\300B\365\353\321\265\232\231\031A(\315\023?(\315\023\277(\315\023?\315\314L?\315\314L?\315\314L?&\001\220B1B\030B\007\000\000A\n\301\004=@A\240=\376\023\177?\315\314L?\315\314L?\315\314L?\000\000\000\000\000\000\300B\252\231\031A(\315\023\277(\315\023?(\315\023?\315\314L?\315\314L?\315\314L?\205%\266A\000\000\300B\252\231\031A\204AB=d\3731?o\2317?\315\314L?\315\314L?\315\314L?b\363\207B\364\275\342A\237\231\031A\236\301\316<\363\241y=\377o\177?\315\314L?\315\314L?\315\314L?\000\000\000\000\000\000\000\000\000\000\000\000(\315\023\277(\315\023\277(\315\023\277\315\314L?\315\314L?\315\314L?"
IndexBuffer: "\000\001\002\003\004\005\006\002\007\010\t\n\002\005\000\000\013\001\014\001\013\000\005\r\006\003\005\004\r\005\007\016\017\006\005\002\007\017\006\n\014\020\014\013\020\017\016\t\t\016\n\n\020\010\020\013\000\000\r\020\021\007\002\002\001\021\r\004\010\010\020\r\010\004\003\003\t\010\t\003\006\006\017\t\n\016\007\007\021\n\014\n\021\021\001\014"
