AEONMSH
Version: 1
Center {
  x: 48.0
  y: 47.9999992179807
  z: 4.8000078201293945
}
Radii {
  x: 48.0
  y: 48.0000007820193
  z: 4.8000078201293945
}
VertexFlags: 67
VertexCount: 12
IndexSize: 1
IndexCount: 60
VertexBuffer: "\000\000\000\000\000\000\300By3\2037(\315\023\277(\315\023?(\315\023\277\315\314L?\315\314L?\315\314L?\205%\266A\000\000\300B\252\231\031A\276A_=b\3050?q\2438?\315\314L?\315\314L?\315\314L?0*\005B\000\000\300B\020\000\000A\252\301T=su9?`\365/?\315\314L?\315\314L?\315\314L?0*\005BL\357\256\265\000\000\000A\252\301T=su9\277`\365/?\315\314L?\315\314L?\315\314L?\000\000\000\000\000\000\000\000\000\000\000\000(\315\023\277(\315\023\277(\315\023\277\315\314L?\315\314L?\315\314L?\000\000\300B\000\000\000\000\000\000\000\000(\315\023?(\315\023\277(\315\023\277\315\314L?\315\314L?\315\314L?\000\000\300B\000\000\300B\020\000\000A(\315\023?(\315\023?(\315\023?\315\314L?\315\314L?\315\314L?\000\000\300B\000\000\300By3\2037(\315\023?(\315\023?(\315\023\277\315\314L?\315\314L?\315\314L?\000\000\000\000\000\000\300B\252\231\031A(\315\023\277(\315\023?(\315\023?\315\314L?\315\314L?\315\314L?\000\000\300BL\357\256\265\000\000\000A(\315\023?(\315\023\277(\315\023?\315\314L?\315\314L?\315\314L?\205%\266A\365\353\321\265\232\231\031A\276A_=b\3050\277q\2438?\315\314L?\315\314L?\315\314L?\000\000\000\000\365\353\321\265\232\231\031A(\315\023\277(\315\023\277(\315\023?\315\314L?\315\314L?\315\314L?"
IndexBuffer: "\000\001\002\003\004\005\006\007\002\000\010\001\002\007\000\005\t\003\003\n\004\013\004\n\010\013\n\n\001\010\002\001\n\n\003\002\003\t\006\006\002\003\013\010\000\000\004\013\t\005\007\007\006\t\004\000\007\007\005\004"
