AEONMSH
Version: 1
Center {
  x: 48.0
  y: 47.99999934831726
  z: 4.000007629394531
}
Radii {
  x: 48.0
  y: 48.00000065168274
  z: 4.000007629394531
}
VertexFlags: 131
VertexCount: 8
IndexSize: 1
IndexCount: 36
VertexBuffer: "\000\000\000\000\000\000\300B\020\000\000A(\315\023\277(\315\023?(\315\023?\315\314L?\315\314L?\315\314L?\000\000\000\000\000\000\300By3\2037(\315\023\277(\315\023?(\315\023\277\315\314L?\315\314L?\315\314L?\000\000\000\000\000\000\000\000\000\000\000\000(\315\023\277(\315\023\277(\315\023\277\315\314L?\315\314L?\315\314L?\000\000\000\000L\357\256\265\000\000\000A(\315\023\277(\315\023\277(\315\023?\315\314L?\315\314L?\315\314L?\000\000\300BL\357\256\265\000\000\000A(\315\023?(\315\023\277(\315\023?\315\314L?\315\314L?\315\314L?\000\000\300B\000\000\300B\020\000\000A(\315\023?(\315\023?(\315\023?\315\314L?\315\314L?\315\314L?\000\000\300B\000\000\000\000\000\000\000\000(\315\023?(\315\023\277(\315\023\277\315\314L?\315\314L?\315\314L?\000\000\300B\000\000\300By3\2037(\315\023?(\315\023?(\315\023\277\315\314L?\315\314L?\315\314L?"
IndexBuffer: "\000\001\002\002\003\000\003\004\005\005\000\003\003\002\006\006\004\003\004\006\007\007\005\004\005\007\001\001\000\005\001\007\006\006\002\001"
