AEONMSH
Version: 1
Center {
  x: 1.5
  y: 0.15000000596046448
  z: -1.5
}
Radii {
  x: 1.5
  y: 0.15000000596046448
  z: 1.5
}
VertexFlags: 67
VertexCount: 28
IndexSize: 1
IndexCount: 96
VertexBuffer: "\000\000@@0*\205\277\365\377\177\276v\357:?\370\001m\275]C.\277\310\307G?\311\310H?\315\314L?\000\000@@\000\000\000\000\000\000\000\000(\315\023?*\315\023?&\315\023?\310\307G?\311\310H?\315\314L?\000\000@@\000\000@\300y3\0035(\315\023?&\315\023\277*\315\023?\310\307G?\311\310H?\315\314L?1B\230?&\001\020\300\347\377\177\276@A\240=6\301\004\275\376\023\177\277\310\307G?\311\310H?\315\314L?\n\242\316?\n\242\316\277\356\377\177\276\353au=\027bu\275\376\023\177\277\310\307G?\311\310H?\315\314L?\000\000@@\000\000@\300\337\377\177\276(\315\023?*\315\023\277&\315\023\277\310\307G?\311\310H?\315\314L?0*\205?\000\000@\300\337\377\177\276\332\001m=x\357:\277[C.\277\310\307G?\311\310H?\315\314L?\000\000\000\000\000\000@\300y3\0035(\315\023\277&\315\023\277*\315\023?\310\307G?\311\310H?\315\314L?\177\336\260?\177\336\260\277\222\231\231\276~!?=\252!?\275\377o\177\277\342\341a?\343\342b?\347\346f?\365\275b?b\363\007\300\216\231\231\276\363\241y=\365\301\316\274\377o\177\277\342\341a?\343\342b?\347\346f?\000\000\000\000\365\353Q\263\232\231\231\276(\315\023\277&\315\023?*\315\023\277\342\341a?\343\342b?\347\346f?\000\000\000\000\000\000@\300\212\231\231\276(\315\023\277*\315\023\277&\315\023\277\310\307G?\311\310H?\315\314L?\000\000\000\000\000\000\000\000\000\000\000\000(\315\023\277*\315\023?&\315\023?\310\307G?\311\310H?\315\314L?\000\000\000\000\365\353Q\263\232\231\231\276(\315\023\277&\315\023?*\315\023\277\310\307G?\311\310H?\315\314L?\000\000@@\206%6\277\226\231\231\276d\3731?\243AB\275o\2317\277\310\307G?\311\310H?\315\314L?\000\000@@\365\353Q\263\232\231\231\276(\315\023?&\315\023?*\315\023\277\310\307G?\311\310H?\315\314L?&\001\020@1B\230\277\363\377\177\276\n\301\004=VA\240\275\376\023\177\277\310\307G?\311\310H?\315\314L?\205%6?\000\000@\300\212\231\231\276\204AB=f\3731\277m\2317\277\310\307G?\311\310H?\315\314L?\000\000@@\365\353Q\263\232\231\231\276(\315\023?&\315\023?*\315\023\277\342\341a?\343\342b?\347\346f?b\363\007@\366\275b\277\225\231\231\276\236\301\316<\037\242y\275\377o\177\277\342\341a?\343\342b?\347\346f?\000\000@@\206%6\277\226\231\231\276d\3731?\243AB\275o\2317\277\342\341a?\343\342b?\347\346f?\205%6?\000\000@\300\212\231\231\276\204AB=f\3731\277m\2317\277\342\341a?\343\342b?\347\346f?\000\000\000\000\000\000@\300\212\231\231\276(\315\023\277*\315\023\277&\315\023\277\342\341a?\343\342b?\347\346f?&\001\020@1B\230\277\363\377\177\276\n\301\004=VA\240\275\376\023\177\277\342\341a?\343\342b?\347\346f?\n\242\316?\n\242\316\277\356\377\177\276\353au=\027bu\275\376\023\177\277\342\341a?\343\342b?\347\346f?1B\230?&\001\020\300\347\377\177\276@A\240=6\301\004\275\376\023\177\277\342\341a?\343\342b?\347\346f?0*\205?\000\000@\300\337\377\177\276\332\001m=x\357:\277[C.\277\342\341a?\343\342b?\347\346f?\000\000@@0*\205\277\365\377\177\276v\357:?\370\001m\275]C.\277\342\341a?\343\342b?\347\346f?"
IndexBuffer: "\000\001\002\003\004\005\006\002\007\010\t\n\013\007\014\014\r\013\002\005\000\000\016\001\017\001\016\000\005\020\006\003\005\004\020\005\007\013\021\006\005\002\007\021\006\n\022\023\022\024\023\025\026\t\t\026\n\n\023\010\r\014\001\001\017\r\007\002\001\001\014\007\027\030\010\010\023\027\010\030\031\031\t\010\t\031\032\032\025\t\023\024\033\033\027\023"
