AEONMSH
Version: 1
Center {
  x: 0.10000000149011612
  y: 0.3812499940395355
  z: -0.2523379921913147
}
Radii {
  x: 0.10000000149011612
  y: 0.3812499940395355
  z: 0.2523379921913147
}
VertexFlags: 67
VertexCount: 28
IndexSize: 1
IndexCount: 96
VertexBuffer: "\000\000\000\000Cc\005\26433C\277(\315\023\277&\315\023?*\315\023\277\310\307G?\311\310H?\315\314L?\315\314L>v2\201\27623C\277j\0035?\014c\367\263j\0035\277\310\307G?\311\310H?\315\314L?\000\000\000\000t2\001\27723C\277(\315\023\277*\315\023\277&\315\023\277\310\307G?\311\310H?\315\314L?\315\314L>t2\201\27623\303\276\000\376\177?\000\000\000\000\000\000\000\000\213\212\212>\321\320\320>\315\314\314>\315\314L>\034\2220\263r2\201\276Uk*?w[;?\"\021\025>\213\212\212>\321\320\320>\315\314\314>\315\314L>#]\227\275\037]\227\275CW!?\033\211\014?\027\211\014?\213\212\212>\321\320\320>\315\314\314>\315\314L>r2\201\276\034\22203CW!?\372\317\0074\215\277F?\213\212\212>\321\320\320>\315\314\314>\315\314L>\240\215\334\276\030]\227\275CW!?\027\211\014\277\033\211\014?\213\212\212>\321\320\320>\315\314\314>\000\000\000\000\034\2220\263r2\201\276Uk*\277w[;?\"\021\025>\310\307G?\311\310H?\315\314L?\315\314L>\034\2220\263r2\201\276Uk*?w[;?\"\021\025>\310\307G?\311\310H?\315\314L?\315\314L>Cc\205\26333\303\276j\0035?j\0035?\014c\367\263\310\307G?\311\310H?\315\314L?\000\000\000\000#]\227\275\037]\227\275CW!\277\033\211\014?\027\211\014?\310\307G?\311\310H?\315\314L?\000\000\000\000s2\001\277o2\201\276Uk*\277w[;\2772\021\025>\310\307G?\311\310H?\315\314L?\000\000\000\000\240\215\334\276\030]\227\275CW!\277\027\211\014\277\033\211\014?\310\307G?\311\310H?\315\314L?\000\000\000\000r2\201\276\034\22203CW!\277\372\317\0074\215\277F?\310\307G?\311\310H?\315\314L?\315\314L>t2\001\27723C\277(\315\023?*\315\023\277&\315\023\277\310\307G?\311\310H?\315\314L?\315\314L>Cc\005\26433C\277(\315\023?&\315\023?*\315\023\277\310\307G?\311\310H?\315\314L?\315\314L>Cc\205\26333\303\276j\0035?j\0035?\014c\367\263\213\212\212>\321\320\320>\315\314\314>\315\314L>s2\001\277o2\201\276Uk*?w[;\2772\021\025>\213\212\212>\321\320\320>\315\314\314>\315\314L>s2\001\27703\303\276j\0035?j\0035\277\014c\3673\213\212\212>\321\320\320>\315\314\314>\315\314L>s2\001\277o2\201\276Uk*?w[;\2772\021\025>\310\307G?\311\310H?\315\314L?\315\314L>s2\001\27703\303\276j\0035?j\0035\277\014c\3673\310\307G?\311\310H?\315\314L?\315\314L>\240\215\334\276\030]\227\275CW!?\027\211\014\277\033\211\014?\310\307G?\311\310H?\315\314L?\315\314L>r2\201\276\034\22203CW!?\372\317\0074\215\277F?\310\307G?\311\310H?\315\314L?\315\314L>#]\227\275\037]\227\275CW!?\033\211\014?\027\211\014?\310\307G?\311\310H?\315\314L?\315\314L>t2\001\27723C\277(\315\023?*\315\023\277&\315\023\277\213\212\212>\321\320\320>\315\314\314>\315\314L>v2\201\27623C\277j\0035?\014c\367\263j\0035\277\213\212\212>\321\320\320>\315\314\314>\315\314L>Cc\005\26433C\277(\315\023?&\315\023?*\315\023\277\213\212\212>\321\320\320>\315\314\314>"
IndexBuffer: "\000\001\002\003\004\005\003\006\007\010\t\n\013\010\014\014\r\016\016\013\014\017\002\001\000\020\001\005\006\003\003\021\004\007\022\003\023\003\022\024\014\025\026\027\016\016\r\026\027\030\013\013\016\027\002\014\010\010\000\002\002\017\025\025\014\002\024\026\r\r\014\024\030\t\010\010\013\030\000\010\n\n\020\000\023\031\032\032\003\023\021\003\032\032\033\021"
