AEONMSH
Version: 1
Center {
  x: 18.8799991607666
  y: 18.8799991607666
  z: 34.67475175857544
}
Radii {
  x: 18.8799991607666
  y: 18.8799991607666
  z: 50.54252576828003
}
VertexFlags: 131
VertexCount: 29
IndexSize: 1
IndexCount: 168
VertexBuffer: "}?\265@v?\265@\232\231\231A\230-\314\276\230-\314\276\247eS\277\315\314L?\315\314L?\315\314L?0*)@#*)@\232\231\231A?\207\037\277?\207\037\277\344\361\361\276\315\314L?\315\314L?\315\314L?}?\265@Mb\000B\235\231\231A\230-\314\276\230-\314>\247eS\277\315\314L?\315\314L?\315\314L?\232w\014B#*)@\232\231\231A?\207\037??\207\037\277\344\361\361\276\315\314L?\315\314L?\315\314L?Nb\000Bv?\265@\232\231\231A\230-\314>\230-\314\276\247eS\277\315\314L?\315\314L?\315\314L?=\n\027B\000\000\000\000\000\000\000\000Ga#?Ga#\277\271m\334\276\315\314L?\315\314L?\315\314L?\371d\311A\003_IA\320\232\t6\013Y\205>\013Y\205\276\334\375m\277\315\314L?\315\314L?\315\314L?=\n\027B=\n\027BJl\3166Ga#?Ga#?\271m\334\276\315\314L?\315\314L?\315\314L?\003_IA\003_IA\320\232\t6\013Y\205\276\013Y\205\276\334\375m\277\315\314L?\315\314L?\315\314L?\000\000\000\000\000\000\000\000\000\000\000\000Ga#\277Ga#\277\271m\334\276\315\314L?\315\314L?\315\314L?\003_IA\371d\311A\342\236\2116\013Y\205\276\013Y\205>\334\375m\277\315\314L?\315\314L?\315\314L?\000\000\000\000=\n\027BJl\3166Ga#\277Ga#?\271m\334\276\315\314L?\315\314L?\315\314L?\371d\311A\371d\311A\342\236\2116\013Y\205>\013Y\205>\334\375m\277\315\314L?\315\314L?\315\314L?Nb\000BMb\000B\235\231\231A\230-\314>\230-\314>\247eS\277\315\314L?\315\314L?\315\314L?\232w\014B\231w\014B\235\231\231A?\207\037??\207\037?\344\361\361\276\315\314L?\315\314L?\315\314L?0*)@\231w\014B\235\231\231A?\207\037\277?\207\037?\344\361\361\276\315\314L?\315\314L?\315\314L?\247t\360@\230t\360@\274\350+Bz\t\275\276z\t\275\276\265QZ\277\315\314L?\315\314L?\315\314L?\301R\235@\262R\235@\274\350+BI\261$\277I\263$\277\251q\324\276\315\314L?\315\314L?\315\314L?\247t\360@M\367\361A\275\350+Bz\t\275\276z\t\275>\265QZ\277\315\314L?\315\314L?\315\314L?\304_\003B\262R\235@\274\350+BI\261$?I\263$\277\251q\324\276\315\314L?\315\314L?\315\314L?Q\367\361A\230t\360@\274\350+Bz\t\275>z\t\275\276\265QZ\277\315\314L?\315\314L?\315\314L?\304_\003B\302_\003B\275\350+BI\261$?I\261$?\251q\324\276\315\314L?\315\314L?\315\314L?Q\367\361AM\367\361A\275\350+Bz\t\275>z\t\275>\265QZ\277\315\314L?\315\314L?\315\314L?\301R\235@\302_\003B\275\350+BI\263$\277I\261$?\251q\324\276\315\314L?\315\314L?\315\314L?=\n\227A6\n\227A?o\252B\000\000\000\000\000\000\000\000\000\000\200?\315\314L?\315\314L?\315\314L?\215|\326A\337//Ag\342}\30149\032?49\032\277\014\005\006\277\315\314L?\315\314L?\315\314L?\215|\326A\216|\326Ad\342}\30149\032?49\032?\014\005\006\277\315\314L?\315\314L?\315\314L?\334//A\337//Ag\342}\30149\032\27749\032\277\014\005\006\277\315\314L?\315\314L?\315\314L?\334//A\216|\326Ad\342}\30149\032\27749\032?\014\005\006\277\315\314L?\315\314L?\315\314L?"
IndexBuffer: "\000\001\002\001\000\003\003\000\004\005\006\007\005\010\006\t\010\005\010\t\n\013\n\t\n\013\007\n\007\014\014\007\006\r\016\004\002\016\r\002\017\016\017\002\001\020\021\022\021\020\023\023\020\024\003\004\016\022\025\026\022\027\025\027\022\021\030\027\021\030\025\027\025\030\023\023\030\021\023\024\025\026\025\024\005\004\000\000\t\005\002\r\007\007\013\002\031\032\014\014\006\031\032\031\033\033\034\032\026\016\017\017\022\026\022\017\001\001\020\022\n\034\033\033\010\n\014\032\034\034\n\014\r\004\005\005\007\r\016\026\024\024\003\016\013\t\000\000\002\013\024\020\001\001\003\024\010\033\031\031\006\010\014\006\010\010\n\014"
