AEONMSH
Version: 1
Center {
  x: -4.800000190734863
  y: 19.556477007286503
  z: 30.649921417236328
}
Radii {
  x: 4.800000190734863
  y: 19.556483808143184
  z: 30.649921417236328
}
VertexFlags: 67
VertexCount: 18
IndexSize: 1
IndexCount: 96
VertexBuffer: "\000\000\000\000\212\363\007BHwXBj\0035?N=\'?\025\215\212>\315\314L?\315\314L?\315\314L?\000\000\000\000\270s\234A\n3uBCW!?\000\000\000\000\215\277F?\315\314L?\315\314L?\315\314L?\000\000\000\000\247\000\244@GwXBj\0035?N=\'\277\025\215\212>\315\314L?\315\314L?\315\314L?\232\231\031\301\247\000\244@GwXBj\0035\277N=\'\277\025\215\212>\315\314L?\315\314L?\315\314L?\232\231\031\301\270s\234A\n3uBCW!\277\000\000\000\000\215\277F?\315\314L?\315\314L?\315\314L?\232\231\031\301\212\363\007BHwXBj\0035\277N=\'?\025\215\212>\315\314L?\315\314L?\315\314L?\000\000\000\0001\212\005B\221I^BCW!?\031\211\014?\031\211\014?\315\314L?\315\314L?\315\314L?\232\231\031\3011\212\005B\221I^BCW!\277\031\211\014?\031\211\014?\315\314L?\315\314L?\315\314L?\000\000\000\000qK\267@\220I^BCW!?\031\211\014\277\031\211\014?\315\314L?\315\314L?\315\314L?\232\231\031\301\000\000\000\000\000\000\000\000(\315\023\277(\315\023\277(\315\023\277\315\314L?\315\314L?\315\314L?\000\000\000\000\000\000\000\000\000\000\000\000(\315\023?(\315\023\277(\315\023\277\315\314L?\315\314L?\315\314L?\000\000\000\000\3522\344\2663\371&BUk*?w[;\277*\021\025>\315\314L?\315\314L?\315\314L?\232\231\031\301\3522\344\2663\371&BUk*\277w[;\277*\021\025>\315\314L?\315\314L?\315\314L?\232\231\031\301qK\267@\220I^BCW!\277\031\211\014\277\031\211\014?\315\314L?\315\314L?\315\314L?\232\231\031\301\252s\034B5\371&BUk*\277w[;?*\021\025>\315\314L?\315\314L?\315\314L?\000\000\000\000\252s\034B5\371&BUk*?w[;?*\021\025>\315\314L?\315\314L?\315\314L?\000\000\000\000\254s\034B\273\321\3256(\315\023?(\315\023?(\315\023\277\315\314L?\315\314L?\315\314L?\232\231\031\301\254s\034B\273\321\3256(\315\023\277(\315\023?(\315\023\277\315\314L?\315\314L?\315\314L?"
IndexBuffer: "\000\001\002\003\004\005\004\001\006\006\007\004\000\006\001\001\010\002\t\n\013\013\014\t\014\013\002\002\003\014\003\002\010\010\r\003\007\006\000\000\005\007\016\017\020\020\021\016\005\000\017\017\016\005\t\014\016\016\021\t\014\003\005\005\016\014\021\020\n\n\t\021\020\017\013\013\n\020\003\r\004\004\007\005\017\000\002\002\013\017\r\010\001\001\004\r"
