AEONMSH
Version: 1
Center {
  x: 8.0
  y: 7.999989973657193
  z: 62.400001525878906
}
Radii {
  x: 8.0
  y: 8.000001443273959
  z: 8.0
}
VertexFlags: 131
VertexCount: 6
IndexSize: 1
IndexCount: 24
VertexBuffer: "\000\000\000\000\367\377\177A\233\231YB(\315\023\277(\315\023?(\315\023\277\315\314L?\315\314L?\315\314L?\000\000\000\000\364\377\177A\315\314\214BH\005\244\276\030\001\014?\214\377E?\315\314L?\315\314L?\315\314L?\000\000\200A\367\377\177A\233\231YB\214\377E?\030\001\014?H\005\244\276\315\314L?\315\314L?\315\314L?\000\000\000\000\241m@\267\315\314\214BH\005\244\276\030\001\014\277\214\377E?\315\314L?\315\314L?\315\314L?\000\000\000\000\316\261\024\267\232\231YB(\315\023\277(\315\023\277(\315\023\277\315\314L?\315\314L?\315\314L?\000\000\200A\316\261\024\267\232\231YB\214\377E?\030\001\014\277H\005\244\276\315\314L?\315\314L?\315\314L?"
IndexBuffer: "\000\001\002\003\004\005\001\003\005\005\002\001\004\003\001\001\000\004\002\005\004\004\000\002"
