AEONMSH
Version: 1
Center {
  x: 1.5
  y: 1.100000023841858
  z: -1.5
}
Radii {
  x: 1.5
  y: 1.100000023841858
  z: 1.5
}
VertexFlags: 67
VertexCount: 24
IndexSize: 1
IndexCount: 132
VertexBuffer: "\000\000\000\000\000\000@\300y3\0035(\315\023\277&\315\023\277*\315\023?\253\252*?\214\213\013?\267\266\266>\000\000\000?\000\0000\300\010\211\3604\031\223\014?\311\351h\276\235\335M?\253\252*?\214\213\013?\267\266\266>\000\000\200>\000\000 \300\037\253\3324\322\351h\276\033\223\014?\232\335M?\253\252*?\214\213\013?\267\266\266>\000\000\000?\002\0000\300\313\314\014\300\031\223\014?\333\351h\276\233\335M\277\253\252*?\214\213\013?\267\266\266>\000\000\000\000\002\000@\300\313\314\014\300(\315\023\277*\315\023\277&\315\023\277\253\252*?\214\213\013?\267\266\266>\000\000\200>\002\000 \300\313\314\014\300\322\351h\276\027\223\014?\236\335M\277\253\252*?\214\213\013?\267\266\266>\000\000 @\006\000\000\277\315\314\014\300\000\000\000\000L\357.\264\000\000\200\277\253\252*?\214\213\013?\267\266\266>\000\000\000?\002\000 \300\313\314\014\300\000\000\000\000L\357.\264\000\000\200\277\253\252*?\214\213\013?\267\266\266>\000\000\000?\000\000 \300\037\253\3324\000\000\000\000L\357.4\000\000\200?\253\252*?\214\213\013?\267\266\266>\000\0000@\000\000\000\277L\357\2563\322\351h>\027\223\014\277\236\335M?\253\252*?\214\213\013?\267\266\266>\000\000 @\000\000\000\277L\357\2563\000\000\000\000L\357.4\000\000\200?\253\252*?\214\213\013?\267\266\266>\000\000@@\000\000\000\000\000\000\000\000(\315\023?*\315\023?&\315\023?\253\252*?\214\213\013?\267\266\266>\000\000 @\000\000\200\276L\357.3\031\223\014\277\333\351h>\233\335M?\253\252*?\214\213\013?\267\266\266>\000\0000@\006\000\000\277\315\314\014\300\322\351h>\033\223\014\277\232\335M\277\253\252*?\214\213\013?\267\266\266>\000\000 @\014\000\200\276\315\314\014\300\031\223\014\277\311\351h>\235\335M\277\253\252*?\214\213\013?\267\266\266>\000\000@@\241m\300\264\315\314\014\300(\315\023?&\315\023?*\315\023\277\253\252*?\214\213\013?\267\266\266>\000\000\000\000\000\000 \300\037\253\3324(\315\023\277*\315\023?&\315\023?\253\252*?\214\213\013?\267\266\266>\000\000\000?\000\000@\300y3\0035(\315\023?&\315\023\277*\315\023?\253\252*?\214\213\013?\267\266\266>\000\000\000?\002\000@\300\313\314\014\300(\315\023?*\315\023\277&\315\023\277\253\252*?\214\213\013?\267\266\266>\000\000\000\000\002\000 \300\313\314\014\300(\315\023\277&\315\023?*\315\023\277\253\252*?\214\213\013?\267\266\266>\000\000 @\000\000\000\000\000\000\000\000(\315\023\277*\315\023?&\315\023?\253\252*?\214\213\013?\267\266\266>\000\000@@\000\000\000\277L\357\2563(\315\023?&\315\023\277*\315\023?\253\252*?\214\213\013?\267\266\266>\000\000 @\241m\300\264\315\314\014\300(\315\023\277&\315\023?*\315\023\277\253\252*?\214\213\013?\267\266\266>\000\000@@\006\000\000\277\315\314\014\300(\315\023?*\315\023\277&\315\023\277\253\252*?\214\213\013?\267\266\266>"
IndexBuffer: "\000\001\002\003\004\005\006\003\007\010\t\n\t\013\014\r\016\017\002\020\000\000\021\001\001\010\002\005\007\003\003\022\004\004\023\005\007\005\016\006\r\003\007\016\006\r\t\001\001\003\r\n\014\002\010\001\t\n\002\010\024\014\013\t\025\013\014\n\t\026\017\016\r\006\016\017\027\r\005\002\014\014\016\005\r\027\025\025\t\r\027\017\013\013\025\027\005\023\020\020\002\005\001\021\022\022\003\001\014\024\026\026\016\014\000\020\023\023\004\000\017\026\024\024\013\017\022\021\000\000\004\022"
