AEONMSH
Version: 1
Center {
  x: 48.0
  y: 47.99999426519162
  z: 35.200008392333984
}
Radii {
  x: 48.0
  y: 48.00000573480838
  z: 35.200008392333984
}
VertexFlags: 67
VertexCount: 24
IndexSize: 1
IndexCount: 132
VertexBuffer: "\000\000\000\000\000\000\300By3\2037(\315\023\277(\315\023?(\315\023\277\315\314L?\315\314L?\315\314L?\000\000\200A\000\000\260B\010\211p7\031\223\014?\322\351h>\234\335M\277\315\314L?\315\314L?\315\314L?\000\000\000A\000\000\240B\037\253Z7\322\351h\276\031\223\014\277\234\335M\277\315\314L?\315\314L?\315\314L?\000\000\200A\376\377\257B\317\314\214B\031\223\014?\322\351h>\234\335M?\315\314L?\315\314L?\315\314L?\000\000\000\000\376\377\277B\317\314\214B(\315\023\277(\315\023?(\315\023?\315\314L?\315\314L?\315\314L?\000\000\000A\376\377\237B\317\314\214B\322\351h\276\031\223\014\277\234\335M?\315\314L?\315\314L?\315\314L?\000\000\260B\364\377\177A\315\314\214B\322\351h>\031\223\014?\234\335M?\315\314L?\315\314L?\315\314L?\000\000\200A\376\377\237B\317\314\214B\000\000\000\000\000\000\000\000\000\000\200?\315\314L?\315\314L?\315\314L?\000\000\200A\000\000\240B\037\253Z7\000\000\000\000\000\000\000\000\000\000\200\277\315\314L?\315\314L?\315\314L?\000\000\260B\000\000\200AL\357.6\322\351h>\031\223\014?\234\335M\277\315\314L?\315\314L?\315\314L?\000\000\240B\000\000\200AL\357.6\000\000\000\000\000\000\000\000\000\000\200\277\315\314L?\315\314L?\315\314L?\000\000\300B\000\000\000\000\000\000\000\000(\315\023?(\315\023\277(\315\023\277\315\314L?\315\314L?\315\314L?\000\000\240B\000\000\000AL\357\2565\031\223\014\277\322\351h\276\234\335M\277\315\314L?\315\314L?\315\314L?\000\000\240B\350\377\377@\315\314\214B\031\223\014\277\322\351h\276\234\335M?\315\314L?\315\314L?\315\314L?\000\000\300B\241m@\267\315\314\214B(\315\023?(\315\023\277(\315\023?\315\314L?\315\314L?\315\314L?\000\000\000\000\000\000\240B\037\253Z7(\315\023\277(\315\023\277(\315\023\277\315\314L?\315\314L?\315\314L?\000\000\200A\000\000\300By3\2037(\315\023?(\315\023?(\315\023\277\315\314L?\315\314L?\315\314L?\000\000\200A\376\377\277B\317\314\214B(\315\023?(\315\023?(\315\023?\315\314L?\315\314L?\315\314L?\000\000\000\000\376\377\237B\317\314\214B(\315\023\277(\315\023\277(\315\023?\315\314L?\315\314L?\315\314L?\000\000\240B\364\377\177A\315\314\214B\000\000\000\000\000\000\000\000\000\000\200?\315\314L?\315\314L?\315\314L?\000\000\240B\000\000\000\000\000\000\000\000(\315\023\277(\315\023\277(\315\023\277\315\314L?\315\314L?\315\314L?\000\000\300B\000\000\200AL\357.6(\315\023?(\315\023?(\315\023\277\315\314L?\315\314L?\315\314L?\000\000\240B\241m@\267\315\314\214B(\315\023\277(\315\023\277(\315\023?\315\314L?\315\314L?\315\314L?\000\000\300B\364\377\177A\315\314\214B(\315\023?(\315\023?(\315\023?\315\314L?\315\314L?\315\314L?"
IndexBuffer: "\000\001\002\003\004\005\006\003\007\010\t\n\t\013\014\006\r\016\002\017\000\000\020\001\001\010\002\005\007\003\003\021\004\004\022\005\007\005\r\023\006\007\007\r\023\n\014\002\010\001\t\n\002\010\024\014\013\t\025\013\014\n\t\026\016\r\006\023\r\016\027\006\004\000\017\017\022\004\003\006\t\t\001\003\014\024\026\026\r\014\006\027\025\025\t\006\r\005\002\002\014\r\001\020\021\021\003\001\016\026\024\024\013\016\005\022\017\017\002\005\013\025\027\027\016\013\021\020\000\000\004\021"
