AEONMSH
Version: 1
Center {
  x: 48.0
  y: 3.1999929078479
  z: 43.82400131225589
}
Radii {
  x: 48.0
  y: 3.2000071875195317
  z: 43.82400131225583
}
VertexFlags: 131
VertexCount: 20
IndexSize: 1
IndexCount: 108
VertexBuffer: "\000\000\000\000\257\314\314@\307K\257B(\315\023\277(\315\023?(\315\023?\315\314L?\315\314L?\315\314L?\000\000@A\257\314\314@\307K\257B\022\311\210>F\003#?r\'9?\315\314L?\315\314L?\315\314L?\000\000@A\264\314\314@}?\225B\224\321\311=\362\311x?\266![\276\315\314L?\315\314L?\315\314L?\000\000\250B\232e\216\266Nb\320A\257\261W>\227CK\277$\371\021?\315\314L?\315\314L?\315\314L?\000\000@AS\371K\267}?\225B\224\321\311=\362\311x\277\266![\276\315\314L?\315\314L?\315\314L?\000\000\250B\233e\016\266NbPA\016\357\006\277\241{P\277\361\211x\276\315\314L?\315\314L?\315\314L?\000\000\250B\304\314\314@Ob\320A\257\261W>\227CK?$\371\021?\315\314L?\315\314L?\315\314L?\000\000\250B\311\314\314@ObPA\016\357\006\277\241{P?\361\211x\276\315\314L?\315\314L?\315\314L?\000\000\250B\315\314\314@\243\362\2135(\315\023\277(\315\023?(\315\023\277\315\314L?\315\314L?\315\314L?\000\000\300B\315\314\314@\244\362\2135(\315\023?(\315\023?(\315\023\277\315\314L?\315\314L?\315\314L?\000\000\250B\316\016\034+Q\315\213)(\315\023\277(\315\023\277(\315\023\277\315\314L?\315\314L?\315\314L?~\r\017*\270\314\314@ffvB(\315\023\277(\315\023?(\315\023\277\315\314L?\315\314L?\315\314L?~\r\017*\353_(\267ffvB(\315\023\277(\315\023\277(\315\023\277\315\314L?\315\314L?\315\314L?\000\000\000\000\271\222o\267\307K\257B(\315\023\277(\315\023\277(\315\023?\315\314L?\315\314L?\315\314L?\000\000@A\270\314\314@ffvB(\315\023?(\315\023?(\315\023\277\315\314L?\315\314L?\315\314L?\000\000@A\271\222o\267\307K\257B\022\311\210>F\003#\277r\'9?\315\314L?\315\314L?\315\314L?\000\000\300B\316\016\034+Q\315\213)(\315\023?(\315\023\277(\315\023\277\315\314L?\315\314L?\315\314L?\000\000\300B\232e\216\266Nb\320A(\315\023?(\315\023\277(\315\023?\315\314L?\315\314L?\315\314L?\000\000@A\353_(\267ffvB(\315\023?(\315\023\277(\315\023\277\315\314L?\315\314L?\315\314L?\000\000\300B\304\314\314@Ob\320A(\315\023?(\315\023?(\315\023?\315\314L?\315\314L?\315\314L?"
IndexBuffer: "\000\001\002\003\004\005\002\006\007\010\007\t\005\007\010\010\n\005\000\013\014\014\r\000\002\016\013\013\000\002\003\006\001\001\017\003\020\021\005\003\017\004\r\014\004\014\022\004\005\n\020\r\004\017\005\021\003\r\017\001\001\000\r\003\021\023\023\006\003\010\t\020\020\n\010\002\004\022\022\016\002\002\001\006\021\020\t\t\023\021\004\002\007\007\005\004\023\t\007\007\006\023\013\016\022\022\014\013"
