AEONMSH
Version: 1
Center {
  x: -0.15000000596046448
  y: 0.9578099846839905
  z: -0.6111400127410889
}
Radii {
  x: 0.15000000596046448
  y: 0.9578099846839905
  z: 0.6111400127410889
}
VertexFlags: 67
VertexCount: 18
IndexSize: 1
IndexCount: 96
VertexBuffer: "\000\000\000\000\216\363\207\277Fw\330\277j\0035?O=\'\277\021\215\212\276\253\252*?\214\213\013?\267\266\266>\000\000\000\000\302s\034\277\0103\365\277CW!?\372\317\007\264\215\277F\277\253\252*?\214\213\013?\267\266\266>\000\000\000\000\313\000$\276Gw\330\277j\0035?M=\'?\031\215\212\276\253\252*?\214\213\013?\267\266\266>\232\231\231\276\313\000$\276Gw\330\277j\0035\277M=\'?\031\215\212\276\253\252*?\214\213\013?\267\266\266>\232\231\231\276\302s\034\277\0103\365\277CW!\277\372\317\007\264\215\277F\277\253\252*?\214\213\013?\267\266\266>\232\231\231\276\216\363\207\277Fw\330\277j\0035\277O=\'\277\021\215\212\276\253\252*?\214\213\013?\267\266\266>\232\231\231\276\000\000\000\000\000\000\000\000(\315\023\277*\315\023?&\315\023?\253\252*?\214\213\013?\267\266\266>\232\231\231\276\3522d\2643\371\246\277Uk*\277w[;?2\021\025\276\253\252*?\214\213\013?\267\266\266>\232\231\231\276\256s\234\2771\371\246\277Uk*\277w[;\277\"\021\025\276\253\252*?\214\213\013?\267\266\266>\232\231\231\276\254s\234\277\273\321U4(\315\023\277&\315\023\277*\315\023?\253\252*?\214\213\013?\267\266\266>\000\000\000\0005\212\205\277\217I\336\277CW!?\033\211\014\277\027\211\014\277\253\252*?\214\213\013?\267\266\266>\000\000\000\000\227K7\276\220I\336\277CW!?\027\211\014?\033\211\014\277\253\252*?\214\213\013?\267\266\266>\000\000\000\000\000\000\000\000\000\000\000\000(\315\023?*\315\023?&\315\023?\253\252*?\214\213\013?\267\266\266>\000\000\000\000\3522d\2643\371\246\277Uk*?w[;?2\021\025\276\253\252*?\214\213\013?\267\266\266>\232\231\231\276\227K7\276\220I\336\277CW!\277\027\211\014?\033\211\014\277\253\252*?\214\213\013?\267\266\266>\232\231\231\2765\212\205\277\217I\336\277CW!\277\033\211\014\277\027\211\014\277\253\252*?\214\213\013?\267\266\266>\000\000\000\000\256s\234\2771\371\246\277Uk*?w[;\277\"\021\025\276\253\252*?\214\213\013?\267\266\266>\000\000\000\000\254s\234\277\273\321U4(\315\023?&\315\023\277*\315\023?\253\252*?\214\213\013?\267\266\266>"
IndexBuffer: "\000\001\002\003\004\005\006\007\010\010\t\006\000\n\001\001\013\002\006\014\r\r\007\006\007\r\002\002\003\007\003\002\013\013\016\003\016\013\001\001\004\016\004\001\n\n\017\004\017\n\000\000\005\017\005\000\020\020\010\005\010\020\021\021\t\010\007\003\005\005\010\007\t\021\014\014\006\t\003\016\004\004\017\005\020\000\002\002\r\020\021\020\r\r\014\021"
