AEONMSH
Version: 1
Center {
  x: 0.25
  y: 1.100000023841858
  z: -0.25
}
Radii {
  x: 0.25
  y: 1.100000023841858
  z: 0.25
}
VertexFlags: 67
VertexCount: 8
IndexSize: 1
IndexCount: 36
VertexBuffer: "\000\000\000?\000\000\000\000\000\000\000\000(\315\023?*\315\023?&\315\023?\253\252*?\214\213\013?\267\266\266>\000\000\000\000\000\000\000\000\000\000\000\000(\315\023\277*\315\023?&\315\023?\253\252*?\214\213\013?\267\266\266>\000\000\000\000\000\000\000\277L\357\2563(\315\023\277&\315\023\277*\315\023?\253\252*?\214\213\013?\267\266\266>\000\000\000?\000\000\000\277L\357\2563(\315\023?&\315\023\277*\315\023?\253\252*?\214\213\013?\267\266\266>\000\000\000\000\241m\300\264\315\314\014\300(\315\023\277&\315\023?*\315\023\277\253\252*?\214\213\013?\267\266\266>\000\000\000\000\006\000\000\277\315\314\014\300(\315\023\277*\315\023\277&\315\023\277\253\252*?\214\213\013?\267\266\266>\000\000\000?\006\000\000\277\315\314\014\300(\315\023?*\315\023\277&\315\023\277\253\252*?\214\213\013?\267\266\266>\000\000\000?\241m\300\264\315\314\014\300(\315\023?&\315\023?*\315\023\277\253\252*?\214\213\013?\267\266\266>"
IndexBuffer: "\000\001\002\002\003\000\001\004\005\005\002\001\003\002\005\005\006\003\004\001\000\000\007\004\004\007\006\006\005\004\007\000\003\003\006\007"
