AEONMSH
Version: 1
Center {
  x: 8.0
  y: 47.99999713259581
  z: 35.200008392333984
}
Radii {
  x: 8.0
  y: 48.00000286740419
  z: 35.200008392333984
}
VertexFlags: 131
VertexCount: 24
IndexSize: 1
IndexCount: 132
VertexBuffer: "\315\314LA\376\377\237B\317\314\214B\245\221R>\313y\345\276\275\263^?\315\314L?\315\314L?\315\314L?\000\000\200A\376\377\237B\317\314\214B(\315\023?(\315\023\277(\315\023?\315\314L?\315\314L?\315\314L?\000\000\200A\376\377\277B\317\314\214B(\315\023?(\315\023?(\315\023?\315\314L?\315\314L?\315\314L?\315\314L@\372\377\177A\316\314\014B\246\301\322\276Ki%>\313\231e?\315\314L?\315\314L?\315\314L?\000\000\000\000\372\377\177A\316\314\014B(\315\023\277(\315\023?(\315\023?\315\314L?\315\314L?\315\314L?\000\000\000\000\241m\300\266\315\314\014B(\315\023\277(\315\023\277(\315\023?\315\314L?\315\314L?\315\314L?\000\000\200A\000\000\300By3\2037(\315\023?(\315\023?(\315\023\277\315\314L?\315\314L?\315\314L?\000\000\200A\000\000\240B\037\253Z7(\315\023?(\315\023\277(\315\023\277\315\314L?\315\314L?\315\314L?\315\314LA\000\000\240B\037\253Z75]\232>5]\232\276\317\215g\277\315\314L?\315\314L?\315\314L?\315\314L@\000\000\240B\037\253Z75]\232\2765]\232\276\317\215g\277\315\314L?\315\314L?\315\314L?\000\000\000\000\000\000\240B\037\253Z7(\315\023\277(\315\023\277(\315\023\277\315\314L?\315\314L?\315\314L?\000\000\000\000\000\000\300By3\2037(\315\023\277(\315\023?(\315\023\277\315\314L?\315\314L?\315\314L?\000\000\000\000\376\377\277B\317\314\214B(\315\023\277(\315\023?(\315\023?\315\314L?\315\314L?\315\314L?\000\000\000\000\376\377\237B\317\314\214B(\315\023\277(\315\023\277(\315\023?\315\314L?\315\314L?\315\314L?\315\314L@\376\377\237B\317\314\214B\245\221R\276\313y\345\276\275\263^?\315\314L?\315\314L?\315\314L?\000\000\200A\241m\300\266\315\314\014B(\315\023?(\315\023\277(\315\023?\315\314L?\315\314L?\315\314L?\000\000\200A\372\377\177A\316\314\014B(\315\023?(\315\023?(\315\023?\315\314L?\315\314L?\315\314L?\315\314LA\372\377\177A\316\314\014B\246\301\322>Ki%>\313\231e?\315\314L?\315\314L?\315\314L?\000\000\000\000\000\000\000\000\000\000\000\000(\315\023\277(\315\023\277(\315\023\277\315\314L?\315\314L?\315\314L?\000\000\000\000\000\000\200AL\357.6(\315\023\277(\315\023?(\315\023\277\315\314L?\315\314L?\315\314L?\315\314L@\000\000\200AL\357.65]\232\2765]\232>\317\215g\277\315\314L?\315\314L?\315\314L?\315\314LA\000\000\200AL\357.65]\232>5]\232>\317\215g\277\315\314L?\315\314L?\315\314L?\000\000\200A\000\000\200AL\357.6(\315\023?(\315\023?(\315\023\277\315\314L?\315\314L?\315\314L?\000\000\200A\000\000\000\000\000\000\000\000(\315\023?(\315\023\277(\315\023\277\315\314L?\315\314L?\315\314L?"
IndexBuffer: "\000\001\002\003\004\005\006\007\010\t\n\013\014\r\016\017\020\021\022\023\024\025\026\027\t\016\r\r\n\t\t\024\003\003\016\t\000\010\007\007\001\000\024\025\027\027\022\024\010\t\013\013\006\010\017\021\003\003\005\017\020\017\027\027\026\020\016\003\021\021\000\016\017\005\022\022\027\017\014\016\000\000\002\014\002\001\007\007\006\002\010\000\021\021\025\010\004\023\022\022\005\004\n\r\014\014\013\n\025\021\020\020\026\025\003\024\023\023\004\003\010\025\024\024\t\010\014\002\006\006\013\014"
