AEONMSH
Version: 1
Center {
  x: 0.25
  y: 1.100000023841858
  z: -1.5
}
Radii {
  x: 0.25
  y: 1.100000023841858
  z: 1.5
}
VertexFlags: 67
VertexCount: 24
IndexSize: 1
IndexCount: 132
VertexBuffer: "\315\314\314=\006\000\000\277\315\314\014\3005]\232\276:]\232\276\316\215g\277\253\252*?\214\213\013?\267\266\266>\000\000\000\000\006\000\000\277\315\314\014\300(\315\023\277*\315\023\277&\315\023\277\253\252*?\214\213\013?\267\266\266>\000\000\000\000\241m\300\264\315\314\014\300(\315\023\277&\315\023?*\315\023\277\253\252*?\214\213\013?\267\266\266>\315\314\314>\002\000 \300\313\314\014\3005]\232>0]\232>\320\215g\277\253\252*?\214\213\013?\267\266\266>\000\000\000?\002\000 \300\313\314\014\300(\315\023?&\315\023?*\315\023\277\253\252*?\214\213\013?\267\266\266>\000\000\000?\002\000@\300\313\314\014\300(\315\023?*\315\023\277&\315\023\277\253\252*?\214\213\013?\267\266\266>\000\000\000?\241m\300\264\315\314\014\300(\315\023?&\315\023?*\315\023\277\253\252*?\214\213\013?\267\266\266>\000\000\000?\006\000\000\277\315\314\014\300(\315\023?*\315\023\277&\315\023\277\253\252*?\214\213\013?\267\266\266>\315\314\314>\006\000\000\277\315\314\014\3005]\232>:]\232\276\316\215g\277\253\252*?\214\213\013?\267\266\266>\000\000\000?\002\000\000\277\351?3\277\317\215g?7]\232\2763]\232\276\253\252*?\214\213\013?\267\266\266>\000\000\000?\000\000@\300y3\0035(\315\023?&\315\023\277*\315\023?\253\252*?\214\213\013?\267\266\266>\000\000\000?\000\000 \300\343?3\277\317\215g?3]\232>7]\232\276\253\252*?\214\213\013?\267\266\266>\000\000\000?\000\000\000\000\000\000\000\000(\315\023?*\315\023?&\315\023?\253\252*?\214\213\013?\267\266\266>\315\314\314>\002\000\000\277\351?3\277(\315\023?*\315\023\277&\315\023\277\253\252*?\214\213\013?\267\266\266>\315\314\314>\000\000 \300\343?3\277(\315\023?&\315\023?*\315\023\277\253\252*?\214\213\013?\267\266\266>\000\000\000\000\002\000 \300\313\314\014\300(\315\023\277&\315\023?*\315\023\277\253\252*?\214\213\013?\267\266\266>\000\000\000\000\002\000@\300\313\314\014\300(\315\023\277*\315\023\277&\315\023\277\253\252*?\214\213\013?\267\266\266>\000\000\000\000\000\000 \300\343?3\277\317\215g\2773]\232>7]\232\276\253\252*?\214\213\013?\267\266\266>\000\000\000\000\000\000\000\000\000\000\000\000(\315\023\277*\315\023?&\315\023?\253\252*?\214\213\013?\267\266\266>\000\000\000\000\002\000\000\277\351?3\277\317\215g\2777]\232\2763]\232\276\253\252*?\214\213\013?\267\266\266>\000\000\000\000\000\000@\300y3\0035(\315\023\277&\315\023\277*\315\023?\253\252*?\214\213\013?\267\266\266>\315\314\314=\002\000 \300\313\314\014\3005]\232\2760]\232>\320\215g\277\253\252*?\214\213\013?\267\266\266>\315\314\314=\000\000 \300\343?3\277(\315\023\277&\315\023?*\315\023\277\253\252*?\214\213\013?\267\266\266>\315\314\314=\002\000\000\277\351?3\277(\315\023\277*\315\023\277&\315\023\277\253\252*?\214\213\013?\267\266\266>"
IndexBuffer: "\000\001\002\003\004\005\006\007\010\007\006\t\n\005\013\005\004\013\t\006\014\003\010\r\r\016\003\017\020\021\022\002\023\002\001\023\021\020\024\010\003\025\025\000\010\020\017\025\000\025\026\026\027\000\013\t\014\014\n\013\020\005\n\n\024\020\020\025\003\003\005\020\026\025\017\017\021\026\026\021\023\023\027\026\022\023\021\021\024\022\006\010\000\000\002\006\r\t\013\013\016\r\022\024\n\n\014\022\006\002\022\022\014\006\r\010\007\007\t\r\013\004\003\003\016\013\023\001\000\000\027\023"
