AEONMSH
Version: 1
Center {
  x: 1.5
  y: 1.3695000410079956
  z: -0.10000000149011612
}
Radii {
  x: 1.5
  y: 1.3695000410079956
  z: 0.10000000149011612
}
VertexFlags: 67
VertexCount: 20
IndexSize: 1
IndexCount: 108
VertexBuffer: "\000\000\000\000\353\314L\276\307K/\300(\315\023\277*\315\023\277&\315\023\277\253\252*?\214\213\013?\267\266\266>\000\000\300>\353\314L\276\307K/\300\022\311\210>H\003#\277p\'9\277\253\252*?\214\213\013?\267\266\266>\000\000\300>\346\314L\276}?\025\300\224\321\311=\361\311x\277\301![>\253\252*?\214\213\013?\267\266\266>\000\000(@\234e\016\264NbP\277\257\261W>\225CK?&\371\021\277\253\252*?\214\213\013?\267\266\266>\000\000\300>S\371\313\264}?\025\300\224\321\311=\363\311x?\253![>\253\252*?\214\213\013?\267\266\266>\000\000(@\233e\216\263Nb\320\276\016\357\006\277\242{P?\350\211x>\253\252*?\214\213\013?\267\266\266>\000\000(@\326\314L\276MbP\277\257\261W>\231CK\277\"\371\021\277\253\252*?\214\213\013?\267\266\266>\000\000(@\321\314L\276Mb\320\276\016\357\006\277\240{P\277\372\211x>\253\252*?\214\213\013?\267\266\266>\000\000(@\315\314L\276\243\362\0133(\315\023\277&\315\023\277*\315\023?\253\252*?\214\213\013?\267\266\266>\000\000@@\315\314L\276\242\362\0133(\315\023?&\315\023\277*\315\023?\253\252*?\214\213\013?\267\266\266>\000\000\300>\355_\250\264ff\366\277(\315\023?*\315\023?&\315\023?\253\252*?\214\213\013?\267\266\266>\000\000\300>\342\314L\276ff\366\277(\315\023?&\315\023\277*\315\023?\253\252*?\214\213\013?\267\266\266>~\r\217\'\342\314L\276ff\366\277(\315\023\277&\315\023\277*\315\023?\253\252*?\214\213\013?\267\266\266>~\r\217\'\355_\250\264ff\366\277(\315\023\277*\315\023?&\315\023?\253\252*?\214\213\013?\267\266\266>\000\000\000\000\273\222\357\264\307K/\300(\315\023\277&\315\023?*\315\023\277\253\252*?\214\213\013?\267\266\266>\000\000@@\234e\016\264NbP\277(\315\023?&\315\023?*\315\023\277\253\252*?\214\213\013?\267\266\266>\000\000@@\326\314L\276MbP\277(\315\023?*\315\023\277&\315\023\277\253\252*?\214\213\013?\267\266\266>\000\000@@\316\016\234\2507\315\013\247(\315\023?*\315\023?&\315\023?\253\252*?\214\213\013?\267\266\266>\000\000\300>\273\222\357\264\307K/\300\022\311\210>D\003#?t\'9\277\253\252*?\214\213\013?\267\266\266>\000\000(@\316\016\234\2507\315\013\247(\315\023\277*\315\023?&\315\023?\253\252*?\214\213\013?\267\266\266>"
IndexBuffer: "\000\001\002\003\004\005\002\006\007\010\007\t\004\n\013\013\002\004\000\014\r\r\016\000\002\013\014\014\000\002\003\017\020\020\006\003\021\017\005\003\022\004\016\r\004\r\n\004\005\023\021\016\004\022\005\017\003\017\021\t\t\020\017\010\t\021\021\023\010\007\010\023\023\005\007\004\002\007\007\005\004\003\006\001\001\022\003\002\001\006\016\022\001\001\000\016\020\t\007\007\006\020\014\013\n\n\r\014"
