AEONMSH
Version: 1
Center {
  x: 0.25
  y: 1.100000023841858
  z: -0.25
}
Radii {
  x: 0.25
  y: 1.100000023841858
  z: 0.25
}
VertexFlags: 67
VertexCount: 8
IndexSize: 1
IndexCount: 36
VertexBuffer: "\000\000\000?\316\261\224\264\232\231\331\277o\2377?BW!?3\035\230\276\253\252*?\214\213\013?\267\266\266>\000\000\000\000\000\000\000\000\000\000\000\000(\315\023\277*\315\023?&\315\023?\253\252*?\214\213\013?\267\266\266>\000\000\000?\000\000\000\000\000\000\000\000(\315\023?*\315\023?&\315\023?\253\252*?\214\213\013?\267\266\266>\000\000\000\000\000\000\000\277L\357\2563(\315\023\277&\315\023\277*\315\023?\253\252*?\214\213\013?\267\266\266>\000\000\000?\005\000\000\277\231\231\331\277o\2377?DW!\277-\035\230\276\253\252*?\214\213\013?\267\266\266>\000\000\000?\000\000\000\277L\357\2563(\315\023?&\315\023\277*\315\023?\253\252*?\214\213\013?\267\266\266>\000\000\000\000\241m\300\264\315\314\014\300H\005\244\276\026\001\014?\215\377E\277\253\252*?\214\213\013?\267\266\266>\000\000\000\000\006\000\000\277\315\314\014\300H\005\244\276\032\001\014\277\213\377E\277\253\252*?\214\213\013?\267\266\266>"
IndexBuffer: "\000\001\002\003\004\005\000\006\001\001\006\007\007\003\001\003\007\004\002\001\003\003\005\002\007\006\000\000\004\007\002\005\004\004\000\002"
