AEONMSH
Version: 1
Center {
  x: 0.25
  y: 1.100000023841858
  z: -1.5
}
Radii {
  x: 0.25
  y: 1.100000023841858
  z: 1.5
}
VertexFlags: 67
VertexCount: 24
IndexSize: 1
IndexCount: 132
VertexBuffer: "\315\314\314>\002\000 \300\313\314\014\300\245\221R>\306y\345>\276\263^\277\253\252*?\214\213\013?\267\266\266>\000\000\000?\002\000 \300\313\314\014\300(\315\023?&\315\023?*\315\023\277\253\252*?\214\213\013?\267\266\266>\000\000\000?\002\000@\300\313\314\014\300(\315\023?*\315\023\277&\315\023\277\253\252*?\214\213\013?\267\266\266>\315\314\314=\003\000\000\277\314\314\214\277\246\301\322\276Ui%\276\313\231e\277\253\252*?\214\213\013?\267\266\266>\000\000\000\000\003\000\000\277\314\314\214\277(\315\023\277*\315\023\277&\315\023\277\253\252*?\214\213\013?\267\266\266>\000\000\000\000\241m@\264\315\314\214\277(\315\023\277&\315\023?*\315\023\277\253\252*?\214\213\013?\267\266\266>\000\000\000?\000\000@\300y3\0035(\315\023?&\315\023\277*\315\023?\253\252*?\214\213\013?\267\266\266>\000\000\000?\000\000 \300\037\253\3324(\315\023?*\315\023?&\315\023?\253\252*?\214\213\013?\267\266\266>\315\314\314>\000\000 \300\037\253\33245]\232>:]\232>\316\215g?\253\252*?\214\213\013?\267\266\266>\315\314\314=\000\000 \300\037\253\33245]\232\276:]\232>\316\215g?\253\252*?\214\213\013?\267\266\266>\000\000\000\000\000\000 \300\037\253\3324(\315\023\277*\315\023?&\315\023?\253\252*?\214\213\013?\267\266\266>\000\000\000\000\000\000@\300y3\0035(\315\023\277&\315\023\277*\315\023?\253\252*?\214\213\013?\267\266\266>\000\000\000\000\002\000@\300\313\314\014\300(\315\023\277*\315\023\277&\315\023\277\253\252*?\214\213\013?\267\266\266>\000\000\000\000\002\000 \300\313\314\014\300(\315\023\277&\315\023?*\315\023\277\253\252*?\214\213\013?\267\266\266>\315\314\314=\002\000 \300\313\314\014\300\245\221R\276\306y\345>\276\263^\277\253\252*?\214\213\013?\267\266\266>\315\314\314>\003\000\000\277\314\314\214\277\246\301\322>Ui%\276\313\231e\277\253\252*?\214\213\013?\267\266\266>\315\314\314>\000\000\000\277L\357\25635]\232>0]\232\276\320\215g?\253\252*?\214\213\013?\267\266\266>\315\314\314=\000\000\000\277L\357\25635]\232\2760]\232\276\320\215g?\253\252*?\214\213\013?\267\266\266>\000\000\000?\241m@\264\315\314\214\277(\315\023?&\315\023?*\315\023\277\253\252*?\214\213\013?\267\266\266>\000\000\000?\003\000\000\277\314\314\214\277(\315\023?*\315\023\277&\315\023\277\253\252*?\214\213\013?\267\266\266>\000\000\000\000\000\000\000\000\000\000\000\000(\315\023\277*\315\023?&\315\023?\253\252*?\214\213\013?\267\266\266>\000\000\000\000\000\000\000\277L\357\2563(\315\023\277&\315\023\277*\315\023?\253\252*?\214\213\013?\267\266\266>\000\000\000?\000\000\000\277L\357\2563(\315\023?&\315\023\277*\315\023?\253\252*?\214\213\013?\267\266\266>\000\000\000?\000\000\000\000\000\000\000\000(\315\023?*\315\023?&\315\023?\253\252*?\214\213\013?\267\266\266>"
IndexBuffer: "\000\001\002\003\004\005\006\007\010\t\n\013\014\r\016\003\017\000\000\016\003\017\020\010\010\000\017\020\021\t\t\010\020\022\023\017\024\025\021\020\026\027\003\016\t\t\021\003\r\014\013\013\n\r\022\017\003\003\005\022\003\021\025\025\004\003\020\017\023\023\026\020\004\025\024\024\005\004\014\002\006\006\013\014\014\016\000\000\002\014\007\006\002\002\001\007\022\005\024\024\027\022\023\022\027\027\026\023\000\010\007\007\001\000\021\020\027\027\024\021\010\t\013\013\006\010\t\016\r\r\n\t"
