AEONMSH
Version: 1
Center {
  x: 0.25
  y: 0.550000011920929
  z: -1.5
}
Radii {
  x: 0.25
  y: 0.550000011920929
  z: 1.5
}
VertexFlags: 67
VertexCount: 24
IndexSize: 1
IndexCount: 132
VertexBuffer: "\315\314\314=\003\000\000\277\314\314\214\2775]\232\276:]\232\276\316\215g\277\253\252*?\214\213\013?\267\266\266>\000\000\000\000\003\000\000\277\314\314\214\277(\315\023\277*\315\023\277&\315\023\277\253\252*?\214\213\013?\267\266\266>\000\000\000\000\241m@\264\315\314\214\277(\315\023\277&\315\023?*\315\023\277\253\252*?\214\213\013?\267\266\266>\315\314\314>\001\000 \300\312\314\214\2775]\232>0]\232>\320\215g\277\253\252*?\214\213\013?\267\266\266>\000\000\000?\001\000 \300\312\314\214\277(\315\023?&\315\023?*\315\023\277\253\252*?\214\213\013?\267\266\266>\000\000\000?\001\000@\300\311\314\214\277(\315\023?*\315\023\277&\315\023\277\253\252*?\214\213\013?\267\266\266>\000\000\000?\241m@\264\315\314\214\277(\315\023?&\315\023?*\315\023\277\253\252*?\214\213\013?\267\266\266>\000\000\000?\003\000\000\277\314\314\214\277(\315\023?*\315\023\277&\315\023\277\253\252*?\214\213\013?\267\266\266>\315\314\314>\003\000\000\277\314\314\214\2775]\232>:]\232\276\316\215g\277\253\252*?\214\213\013?\267\266\266>\315\314\314=\001\000 \300\312\314\214\2775]\232\2760]\232>\320\215g\277\253\252*?\214\213\013?\267\266\266>\000\000\000\000\000\000\000\000\000\000\000\000(\315\023\277*\315\023?&\315\023?\253\252*?\214\213\013?\267\266\266>\000\000\000\000\000\000\000\277L\357\2563(\315\023\277&\315\023\277*\315\023?\253\252*?\214\213\013?\267\266\266>\315\314\314=\000\000\000\277L\357\25635]\232\2760]\232\276\320\215g?\253\252*?\214\213\013?\267\266\266>\315\314\314>\000\000\000\277L\357\25635]\232>0]\232\276\320\215g?\253\252*?\214\213\013?\267\266\266>\000\000\000?\000\000\000\277L\357\2563(\315\023?&\315\023\277*\315\023?\253\252*?\214\213\013?\267\266\266>\000\000\000?\000\000\000\000\000\000\000\000(\315\023?*\315\023?&\315\023?\253\252*?\214\213\013?\267\266\266>\315\314\314=\000\000 \300\037\253\33245]\232\276:]\232>\316\215g?\253\252*?\214\213\013?\267\266\266>\315\314\314>\000\000 \300\037\253\33245]\232>:]\232>\316\215g?\253\252*?\214\213\013?\267\266\266>\000\000\000?\000\000@\300y3\0035(\315\023?&\315\023\277*\315\023?\253\252*?\214\213\013?\267\266\266>\000\000\000?\000\000 \300\037\253\3324(\315\023?*\315\023?&\315\023?\253\252*?\214\213\013?\267\266\266>\000\000\000\000\000\000 \300\037\253\3324(\315\023\277*\315\023?&\315\023?\253\252*?\214\213\013?\267\266\266>\000\000\000\000\000\000@\300y3\0035(\315\023\277&\315\023\277*\315\023?\253\252*?\214\213\013?\267\266\266>\000\000\000\000\001\000@\300\311\314\214\277(\315\023\277*\315\023\277&\315\023\277\253\252*?\214\213\013?\267\266\266>\000\000\000\000\001\000 \300\312\314\214\277(\315\023\277&\315\023?*\315\023\277\253\252*?\214\213\013?\267\266\266>"
IndexBuffer: "\000\001\002\003\004\005\006\007\010\010\003\t\t\000\010\n\013\014\r\016\017\t\020\014\014\000\t\r\014\020\020\021\r\022\023\021\020\024\025\026\027\t\010\r\021\021\003\010\006\010\000\000\002\006\006\002\n\n\017\006\026\005\022\022\025\026\003\021\023\023\004\003\007\006\017\017\016\007\r\010\007\007\016\r\014\r\017\017\n\014\026\t\003\003\005\026\013\n\002\002\001\013\000\014\013\013\001\000\023\022\005\005\004\023\020\t\027\027\024\020\021\020\025\025\022\021\027\026\025\025\024\027"
