AEONMSH
Version: 1
Center {
  x: 8.0
  y: 7.999994265191617
  z: 35.20000076293945
}
Radii {
  x: 8.0
  y: 8.000005734808383
  z: 35.20000076293945
}
VertexFlags: 67
VertexCount: 8
IndexSize: 1
IndexCount: 36
VertexBuffer: "\000\000\000\000\000\000\000\000\000\000\000\000(\315\023\277(\315\023\277(\315\023\277\315\314L?\315\314L?\315\314L?\000\000\000\000\241m@\267\315\314\214B(\315\023\277(\315\023\277(\315\023?\315\314L?\315\314L?\315\314L?\000\000\000\000\364\377\177A\315\314\214B(\315\023\277(\315\023?(\315\023?\315\314L?\315\314L?\315\314L?\000\000\000\000\000\000\200AL\357.6(\315\023\277(\315\023?(\315\023\277\315\314L?\315\314L?\315\314L?\000\000\200A\000\000\200AL\357.6(\315\023?(\315\023?(\315\023\277\315\314L?\315\314L?\315\314L?\000\000\200A\364\377\177A\315\314\214B(\315\023?(\315\023?(\315\023?\315\314L?\315\314L?\315\314L?\000\000\200A\241m@\267\315\314\214B(\315\023?(\315\023\277(\315\023?\315\314L?\315\314L?\315\314L?\000\000\200A\000\000\000\000\000\000\000\000(\315\023?(\315\023\277(\315\023\277\315\314L?\315\314L?\315\314L?"
IndexBuffer: "\000\001\002\002\003\000\004\003\002\002\005\004\005\006\007\007\004\005\001\006\005\005\002\001\007\000\003\003\004\007\001\000\007\007\006\001"
