AEONMSH
Version: 1
Center {
  x: 89.58143997192383
  y: 6.418622282014894
  z: 10.080000877380533
}
Radii {
  x: 6.418560028076172
  y: 6.418625566495848
  z: 10.08000087738021
}
VertexFlags: 131
VertexCount: 8
IndexSize: 1
IndexCount: 36
VertexBuffer: "\000\000\300L\nj\\\300\256G\241K(\315\023I(\315\023\311(\315\023I\315\314L?\315\314L?\315\314L?f\332\264L\347Z\262J\256G\241K\351i\364\310\351i\364Hz\331<I\315\314L?\315\314L?\315\314L?eS\246L\364j\\\300\256G\241K\227kK\311\024\031\212\310\026;\013I\315\314L?\315\314L?\315\314L?\000\000\300L\372\025j8\030(\3735(\315\023I(\315\023\311(\315\023\311\315\314L?\315\314L?\315\314L?f\332\264L\356Z\262J\014\301s?\351i\364\310\351i\364Hz\331<\311\315\314L?\315\314L?\315\314L?\000\000\300L^eMK\346Z\014@\024\031\212H\227kKI\026;\013\311\315\314L?\315\314L?\315\314L?\000\000\300L[eMK\257G\241K\024\031\212H\227kKI\026;\013I\315\314L?\315\314L?\315\314L?eS\246L\003\324x\251c\021\2664\227kK\311\024\031\212\310\026;\013\311\315\314L?\315\314L?\315\314L?"
IndexBuffer: "\000\001\002\003\004\005\000\006\001\003\007\004\000\002\007\007\003\000\004\007\002\002\001\004\004\001\006\006\005\004\000\003\005\005\006\000"
