AEONMSH
Version: 1
Center {
  x: 42.0
  y: 47.99999835788958
  z: 10.080007553100586
}
Radii {
  x: 42.0
  y: 48.00000164211042
  z: 10.080007553100586
}
VertexFlags: 67
VertexCount: 16
IndexSize: 1
IndexCount: 84
VertexBuffer: "\000\000\250B\000\000\300B\252\231\031Aj\0035?j\0035?\000\000\000\000\315\314L?\315\314L?\315\314L?\000\000\250B\000\000\300By3\2037(\315\023?(\315\023?(\315\023\277\315\314L?\315\314L?\315\314L?\000\000@A\000\000\300B\252\231\031A\000\000\000\000\000\000\200?\000\000\000\000\315\314L?\315\314L?\315\314L?\000\000@A\000\000\300B\266G\241A(\315\023?(\315\023?(\315\023?\315\314L?\315\314L?\315\314L?\000\000@A\000\000\300B\242\231\231A5]\232>\317\215g?5]\232>\315\314L?\315\314L?\315\314L?\205F\260/\000\000\300B\266G\241A(\315\023\277(\315\023?(\315\023?\315\314L?\315\314L?\315\314L?\331,\260/\000\000\300Bz3\2037(\315\023\277(\315\023?(\315\023\277\315\314L?\315\314L?\315\314L?\000\000@A|f\\\266\256G\241A(\315\023?(\315\023\277(\315\023?\315\314L?\315\314L?\315\314L?\276\023\320*\306e\\\266\256G\241A(\315\023\277(\315\023\277(\315\023?\315\314L?\315\314L?\315\314L?\000\000@A}\347Q\266\232\231\231A5]\232>\317\215g\2775]\232>\315\314L?\315\314L?\315\314L?\000\000\000\000r_\243/\354\002?,(\315\023\277(\315\023\277(\315\023\277\315\314L?\315\314L?\315\314L?\000\000\250B\000\000\000\000\000\000\000\000(\315\023?(\315\023\277(\315\023\277\315\314L?\315\314L?\315\314L?\000\000@A\036\343\321\265\232\231\031A\000\000\000\000\000\000\200\277\000\000\000\000\315\314L?\315\314L?\315\314L?\000\000\250B\365\353\321\265\232\231\031Aj\0035?j\0035\277\000\000\000\000\315\314L?\315\314L?\315\314L?\000\000\250B\000\000\300B\242\231\231A(\315\023?(\315\023?(\315\023?\315\314L?\315\314L?\315\314L?\000\000\250B\365\353Q\266\232\231\231A(\315\023?(\315\023\277(\315\023?\315\314L?\315\314L?\315\314L?"
IndexBuffer: "\000\001\002\003\004\005\002\001\006\007\010\t\n\013\014\013\r\014\000\016\017\017\r\000\r\013\001\001\000\r\002\006\005\005\004\002\010\007\003\003\005\010\010\n\014\014\t\010\r\017\t\t\014\r\006\n\010\010\005\006\n\006\001\001\013\n\t\004\003\003\007\t\002\004\016\016\000\002\004\t\017\017\016\004"
