AEONMSH
Version: 1
Center {
  x: 48.0
  y: 47.999995698894054
  z: 26.400007247924805
}
Radii {
  x: 48.0
  y: 48.000004301105946
  z: 26.400007247924805
}
VertexFlags: 131
VertexCount: 8
IndexSize: 1
IndexCount: 36
VertexBuffer: "\013\037 .8R\020\26733SB\026#\013\277\026#\013\277G\277#?\315\314L?\315\314L?\315\314L?\271\226\360-\000\000\000\000\000\000\000\000(\315\023\277(\315\023\277(\315\023\277\315\314L?\315\314L?\315\314L?\000\000\300B\271\226\360-Vg\244\"(\315\023?(\315\023\277(\315\023\277\315\314L?\315\314L?\315\314L?\000\000\300B\032R\020\26733SB3\263\031?\t\217\004\2778\001\034?\315\314L?\315\314L?\315\314L?\000\000\000\000\000\000\300By3\2037(\315\023\277(\315\023?(\315\023\277\315\314L?\315\314L?\315\314L?\003O\037-\377\377\277B73SB\t\217\004\2773\263\031?8\001\034?\315\314L?\315\314L?\315\314L?\000\000\300B\000\000\300B\325\314\214AI\265$?I\265$?\251a\324>\315\314L?\315\314L?\315\314L?\000\000\300B\000\000\300By3\2037(\315\023?(\315\023?(\315\023\277\315\314L?\315\314L?\315\314L?"
IndexBuffer: "\000\001\002\002\003\000\004\005\006\006\007\004\000\005\004\004\001\000\006\003\002\002\007\006\003\006\005\005\000\003\004\007\002\002\001\004"
