AEONMSH
Version: 1
Center {
  x: 1.5
  y: 0.30000001192092896
  z: -1.5
}
Radii {
  x: 1.5
  y: 0.30000001192092896
  z: 1.5
}
VertexFlags: 67
VertexCount: 16
IndexSize: 1
IndexCount: 66
VertexBuffer: "\000\000@@\000\000@\300y3\0035(\315\023?&\315\023\277*\315\023?\331\330X?\324\323S?\300\277??\000\000@@\000\000@\300\212\231\231\276U\251*?T\251*\277Y\251\252>\331\330X?\324\323S?\300\277??\000\000@@\365\353Q\263\232\231\231\276U\251*?V\251*?Q\251\252>\331\330X?\324\323S?\300\277??\000\000@@\324\365\237\233\030\026\352\246(\315\023?*\315\023?&\315\023?\331\330X?\324\323S?\300\277??\216\220/+\000\000@\300y3\0035(\315\023\277&\315\023\277*\315\023?\331\330X?\324\323S?\300\277??\000\000\000\000\266\023\320\252V\n\034\246(\315\023\277*\315\023?&\315\023?\331\330X?\324\323S?\300\277??\000\000\000\000]\354Q\263\232\231\231\276U\251*\277V\251*?Q\251\252>\331\330X?\324\323S?\300\277??\216\220/+\000\000@\300\212\231\231\276U\251*\277T\251*\277Y\251\252>\331\330X?\324\323S?\300\277??\000\000\000\000]\354Q\263\232\231\231\276U\251*\277V\251*?Q\251\252>\323\322\322>\323\322\322>\323\322\322>\216\220/+\000\000@\300\212\231\231\276U\251*\277T\251*\277Y\251\252>\323\322\322>\323\322\322>\323\322\322>\000\000@@\000\000@\300\212\231\231\276U\251*?T\251*\277Y\251\252>\323\322\322>\323\322\322>\323\322\322>\000\000@@\365\353Q\263\232\231\231\276U\251*?V\251*?Q\251\252>\323\322\322>\323\322\322>\323\322\322>\216\220/+\000\000@\300\222\231\031\277(\315\023\277*\315\023\277&\315\023\277\323\322\322>\323\322\322>\323\322\322>\000\000@@\000\000@\300\222\231\031\277(\315\023?*\315\023\277&\315\023\277\323\322\322>\323\322\322>\323\322\322>\000\000@@\365\353\321\263\232\231\031\277(\315\023?&\315\023?*\315\023\277\323\322\322>\323\322\322>\323\322\322>\000\000\000\000)\354\321\263\232\231\031\277(\315\023\277&\315\023?*\315\023\277\323\322\322>\323\322\322>\323\322\322>"
IndexBuffer: "\000\001\002\002\003\000\004\005\006\006\007\004\000\004\007\007\001\000\004\000\003\003\005\004\005\003\002\002\006\005\010\t\n\n\013\010\t\014\r\r\n\t\016\013\n\n\r\016\016\r\014\014\017\016\010\013\016\016\017\010\t\010\017\017\014\t"
