AEONMSH
Version: 1
Center {
  x: 48.0
  y: 47.999995698894054
  z: 26.399999618530273
}
Radii {
  x: 48.0
  y: 48.000004301105946
  z: 26.399999618530273
}
VertexFlags: 67
VertexCount: 19
IndexSize: 1
IndexCount: 102
VertexBuffer: ":\001\30058R\020\26733SB\351Y\364\276\351Y\364\276z\343<?\315\314L?\315\314L?\315\314L?l[\276B\010}HA\316\314\214AUI*>fA\263<\371]|?\315\314L?\315\314L?\315\314L?:u\271B\341\305\306A\317\314\214AL\351%>d\3011=\371]|?\315\314L?\315\314L?\315\314L?\000\000\300B\005\333\300\265\315\314\214AP\035(?0\333\027\277\335i\356>\315\314L?\315\314L?\315\314L?\000\000\300B\000\000\300B\325\314\214A(\313\023?(\313\023?(\315\023?\315\314L?\315\314L?\315\314L?\265\303\207B\265\303\207B\323\314\214A\346\341\362=\346\341\362=\371]|?\315\314L?\315\314L?\315\314L?\347R\230B\212\303iB\322\314\214A\020A\010>\242!\321=\371]|?\315\314L?\315\314L?\315\314L?\013}HAl[\276B\325\314\214AfA\263<UI*>\371]|?\315\314L?\315\314L?\315\314L?\000\000\000\000\000\000\300B\325\314\214A0\333\027\277P\035(?\335i\356>\315\314L?\315\314L?\315\314L?\343\305\306A:u\271B\325\314\214Ad\3011=L\351%>\371]|?\315\314L?\315\314L?\315\314L?M\363\022B\215b\261B\325\314\214A\007q\203==\251\036>\371]|?\315\314L?\315\314L?\315\314L?\000\000@B\361F\246B\324\314\214AX\301\253=)\271\024>\371]|?\315\314L?\315\314L?\315\314L?\213\303iB\347R\230B\324\314\214A\242!\321=\020A\010>\371]|?\315\314L?\315\314L?\315\314L?\361F\246B\377\377?B\321\314\214A)\271\024>X\301\253=\371]|?\315\314L?\315\314L?\315\314L?\215b\261BL\363\022B\320\314\214A=\251\036>\007q\203=\371]|?\315\314L?\315\314L?\315\314L?\000\000\300B\000\000\300By3\2037(\315\023?(\315\023?(\315\023\277\315\314L?\315\314L?\315\314L?\000\000\000\000\000\000\300By3\2037(\315\023\277(\315\023?(\315\023\277\315\314L?\315\314L?\315\314L?:\001\3005\240\023\320+\327/\216 (\315\023\277(\315\023\277(\315\023\277\315\314L?\315\314L?\315\314L?\000\000\300B=\000\3005\2433\203*(\315\023?(\315\023\277(\315\023\277\315\314L?\315\314L?\315\314L?"
IndexBuffer: "\000\001\002\000\003\001\004\005\006\000\007\010\000\t\007\000\n\t\000\013\n\000\014\013\000\005\014\000\006\005\000\r\006\000\016\r\000\002\016\004\017\020\020\010\004\003\000\021\021\022\003\003\022\017\017\004\003\004\010\007\004\007\t\001\003\004\002\001\004\004\t\n\004\n\013\016\002\004\r\016\004\004\013\014\004\014\005\006\r\004\021\000\010\010\020\021\022\021\020\020\017\022"
