AEONMSH
Version: 1
Center {
  x: 48.0
  y: 47.999998566297904
  z: 10.08000659942627
}
Radii {
  x: 48.0
  y: 48.000001433702096
  z: 10.08000659942627
}
VertexFlags: 131
VertexCount: 28
IndexSize: 1
IndexCount: 156
VertexBuffer: "\000\000\300B\000\000\220A6\315D6j\0035?\000\000\000\000j\0035\277\315\314L?\315\314L?\315\314L?\000\000\300B\000\000\000\000\000\000\000\000(\315\023?(\315\023\277(\315\023\277\315\314L?\315\314L?\315\314L?\000\000\000\000\n\223I-]\276\t\"(\315\023\277(\315\023\277(\315\023\277\315\314L?\315\314L?\315\314L?\000\000\220A\000\000\234B\324\314\214A5]\232\2765]\232>\317\215g?\315\314L?\315\314L?\315\314L?\t2>-\000\000\300B\325\314\214A(\315\023\277(\315\023?(\315\023?\315\314L?\315\314L?\315\314L?\000\000\220A\376\377\217A\317\314\214A5]\232\2765]\232\276\317\215g?\315\314L?\315\314L?\315\314L?\000\000\020B\377\377oB\263G\241A5]\232\2765]\232\276\317\215g?\315\314L?\315\314L?\315\314L?\000\000\220A\000\000\234B\265G\241A(\315\023\277(\315\023?(\315\023?\315\314L?\315\314L?\315\314L?\000\000\220A\376\377\217A\260G\241A(\315\023\277(\315\023\277(\315\023?\315\314L?\315\314L?\315\314L?\000\000\300B\000\000\234B\2453U7j\0035?\000\000\000\000j\0035\277\315\314L?\315\314L?\315\314L?\000\000\300B\000\000\020B\240\231\031A\000\000\200?\000\000\000\000\000\000\000\000\315\314L?\315\314L?\315\314L?\t2>-\000\000\300By3\2037(\315\023\277(\315\023?(\315\023\277\315\314L?\315\314L?\315\314L?\000\000\300B\000\000\300By3\2037(\315\023?(\315\023?(\315\023\277\315\314L?\315\314L?\315\314L?\000\000\300B\000\000\234B\324\314\214A\317\215g?5]\232>5]\232>\315\314L?\315\314L?\315\314L?\000\000\300B\000\000\300B\325\314\214A(\315\023?(\315\023?(\315\023?\315\314L?\315\314L?\315\314L?\000\000\000\000om@\266\315\314\214A(\315\023\277(\315\023\277(\315\023?\315\314L?\315\314L?\315\314L?\000\000\300B\241m@\266\315\314\214A(\315\023?(\315\023\277(\315\023?\315\314L?\315\314L?\315\314L?\000\000\300B\376\377\217A\317\314\214A\317\215g?5]\232\2765]\232>\315\314L?\315\314L?\315\314L?\000\000\300B\376\377\217A\260G\241A(\315\023?(\315\023\277(\315\023?\315\314L?\315\314L?\315\314L?\000\000\300B\377\377\017B\261G\241A(\315\023?(\315\023?(\315\023?\315\314L?\315\314L?\315\314L?\000\000\020B\377\377\017B\261G\241A5]\232\2765]\232>\317\215g?\315\314L?\315\314L?\315\314L?\000\000\300B\377\377oB\263G\241A(\315\023?(\315\023\277(\315\023?\315\314L?\315\314L?\315\314L?\000\000\300B\000\000\234B\265G\241A(\315\023?(\315\023?(\315\023?\315\314L?\315\314L?\315\314L?\000\000\300B\000\000pB\244\231\031A\000\376\177?\000\000\000\000\000\000\000\000\315\314L?\315\314L?\315\314L?\000\000\300B\377\377oB\237\231\231A\317\215g?5]\232\2765]\232>\315\314L?\315\314L?\315\314L?\000\000\300B\377\377\017B\235\231\231A\317\215g?5]\232>5]\232>\315\314L?\315\314L?\315\314L?\000\000\020B\377\377oB\237\231\231A(\315\023\277(\315\023\277(\315\023?\315\314L?\315\314L?\315\314L?\000\000\020B\377\377\017B\235\231\231A(\315\023\277(\315\023?(\315\023?\315\314L?\315\314L?\315\314L?"
IndexBuffer: "\000\001\002\003\004\005\006\007\010\000\t\n\013\014\t\003\r\016\017\020\005\020\021\005\003\016\004\017\005\004\022\023\024\006\025\026\010\022\024\006\026\007\010\024\006\t\027\n\n\027\030\030\031\n\022\010\005\005\021\022\r\t\014\014\016\r\n\031\021\021\000\n\032\033\024\024\006\032\010\007\003\003\005\010\030\032\033\033\031\030\022\021\031\031\023\022\026\025\030\030\r\026\027\t\r\r\030\027\017\004\013\013\002\017\000\002\013\013\t\000\025\006\032\032\030\025\001\000\021\021\020\001\017\002\001\001\020\017\016\014\013\013\004\016\031\033\024\024\023\031\007\026\r\r\003\007"
