AEONMSH
Version: 1
Center {
  x: 48.0
  y: 47.999998566297904
  z: 8.800007820129395
}
Radii {
  x: 48.0
  y: 48.000001433702096
  z: 8.800007820129395
}
VertexFlags: 67
VertexCount: 28
IndexSize: 1
IndexCount: 156
VertexBuffer: "\347R\230Bu<\026B\rS\3156%{\022?\302\311\340\276cS1\277\315\314L?\315\314L?\315\314L?\265\303\207B,\361\340A0\266\2316\005\217\002?\005\217\002\277cQ1\277\315\314L?\315\314L?\315\314L?\030\026\352+\000\000\300By3\2037(\315\023\277(\315\023?(\315\023\277\315\314L?\315\314L?\315\314L?\213\303iBa\264\236A\317\314\214A\302\311\340>%{\022\277cS1?\315\314L?\315\314L?\315\314L?\265\303\207B*\361\340A\317\314\214A\005\217\002?\005\217\002\277cQ1?\315\314L?\315\314L?\315\314L?\030\026\352+\000\000\300B\325\314\214A(\315\023\277(\315\023?(\315\023?\315\314L?\315\314L?\315\314L?M\363\022Bw\327\351@\010\313\2375\033M\215>U\225*\277cQ1\277\315\314L?\315\314L?\315\314L?M\363\022Bq\327\351@\316\314\214A\033M\215>U\225*\277cQ1?\315\314L?\315\314L?\315\314L?\343\305\306A?ZQ@\315\314\214A~!?>eW2\277cQ1?\315\314L?\315\314L?\315\314L?\343\305\306AKZQ@\020\017\0175~!?>eW2\277cQ1\277\315\314L?\315\314L?\315\314L?\000\000@B\374\310MA\367\236\0146q\241\270>@\345\037\277cQ1\277\315\314L?\315\314L?\315\314L?\000\000@B\371\310MA\316\314\214Aq\241\270>@\345\037\277cQ1?\315\314L?\315\314L?\315\314L?\000\000\000\000\000\000\000\000\000\000\000\000\037K\017\2772\377\030\277&\357\022\277\315\314L?\315\314L?\315\314L?\013}HA?@R?3\254\0174\202\301\300=n\r7\277cQ1\277\315\314L?\315\314L?\315\314L?\000\000\300B\000\000\300By3\20372\377\030?\037K\017?&\357\022\277\315\314L?\315\314L?\315\314L?l[\276BZ\360\246B\322&d7n\r7?\202\301\300\275cS1\277\315\314L?\315\314L?\315\314L?:u\271B{N\216B\272|B7eW2?~!?\276cQ1\277\315\314L?\315\314L?\315\314L?\215b\261B\263\014mB7\374!7U\225*?\033M\215\276cS1\277\315\314L?\315\314L?\315\314L?\361F\246B\000\000@By3\0037@\345\037?q\241\270\276cQ1\277\315\314L?\315\314L?\315\314L?\213\303iBc\264\236A\352\345X6\302\311\340>%{\022\277cS1\277\315\314L?\315\314L?\315\314L?l[\276BZ\360\246B\324\314\214An\r7?\202\301\300\275cS1?\315\314L?\315\314L?\315\314L?:u\271B{N\216B\323\314\214AeW2?~!?\276cQ1?\315\314L?\315\314L?\315\314L?\000\000\300B\000\000\300B\325\314\214A2\377\030?\037K\017?&\357\022?\315\314L?\315\314L?\315\314L?\000\000\000\000\241m@\266\315\314\214A\037K\017\2772\377\030\277&\357\022?\315\314L?\315\314L?\315\314L?\013}HA\017@R?\315\314\214A\202\301\300=n\r7\277cQ1?\315\314L?\315\314L?\315\314L?\347R\230Bt<\026B\320\314\214A%{\022?\302\311\340\276cS1?\315\314L?\315\314L?\315\314L?\361F\246B\377\377?B\321\314\214A@\345\037?q\241\270\276cQ1?\315\314L?\315\314L?\315\314L?\215b\261B\262\014mB\322\314\214AU\225*?\033M\215\276cS1?\315\314L?\315\314L?\315\314L?"
IndexBuffer: "\000\001\002\003\004\005\006\007\010\010\t\006\n\013\007\007\006\n\014\002\r\016\017\002\020\021\002\022\000\002\001\023\002\n\006\002\t\r\002\002\017\020\021\022\002\023\n\002\t\002\006\017\024\025\025\020\017\026\005\024\027\030\005\010\007\005\013\003\005\004\031\005\032\033\005\025\024\005\005\030\010\007\013\005\031\032\005\025\005\033\016\002\005\005\026\016\023\003\013\013\n\023\001\000\031\031\004\001\016\026\024\024\017\016\027\005\002\002\014\027\t\010\030\030\r\t\020\025\033\033\021\020\022\032\031\031\000\022\001\004\003\003\023\001\022\021\033\033\032\022\r\030\027\027\014\r"
