AEONMSH
Version: 1
Center {
  x: 48.0
  y: 47.9999984359614
  z: 9.600008010864267
}
Radii {
  x: 48.0
  y: 48.0000015640386
  z: 9.600008010864249
}
VertexFlags: 67
VertexCount: 12
IndexSize: 1
IndexCount: 66
VertexBuffer: "\000\000\300B\365\353Q\266\232\231\231A(\315\023?(\315\023\277(\315\023?\315\314L?\315\314L?\315\314L?\000\000\300B\000\000\300B\242\231\231A(\315\023?(\315\023?(\315\023?\315\314L?\315\314L?\315\314L?\216\220\257-\000\000\300B\242\231\231A(\315\023\277(\315\023?(\315\023?\315\314L?\315\314L?\315\314L?\000\000\000\000\301\353Q\266\232\231\231A(\315\023\277(\315\023\277(\315\023?\315\314L?\315\314L?\315\314L?\216\220\257-\000\000\300B\252\231\031AU\251*\277U\251*?U\251\252\276\315\314L?\315\314L?\315\314L?\000\000\000\000\215\353\321\265\232\231\031AU\251*\277U\251*\277U\251\252\276\315\314L?\315\314L?\315\314L?\000\000\300B\365\353\321\265\232\231\031AU\251*?U\251*\277U\251\252\276\315\314L?\315\314L?\315\314L?\000\000\300B\000\000\300B\252\231\031AU\251*?U\251*?U\251\252\276\315\314L?\315\314L?\315\314L?\216\220\257-\000\000\300By3\2037(\315\023\277(\315\023?(\315\023\277\315\314L?\315\314L?\315\314L?\000\000\000\000\266\023P-8\023\234((\315\023\277(\315\023\277(\315\023\277\315\314L?\315\314L?\315\314L?\000\000\300B\324\365\037\236\030\026j)(\315\023?(\315\023\277(\315\023\277\315\314L?\315\314L?\315\314L?\000\000\300B\000\000\300By3\2037(\315\023?(\315\023?(\315\023\277\315\314L?\315\314L?\315\314L?"
IndexBuffer: "\000\001\002\002\003\000\004\005\003\003\002\004\006\005\004\004\007\006\005\006\000\000\003\005\005\004\010\010\t\005\000\006\007\007\001\000\006\n\013\013\007\006\004\007\013\013\010\004\n\t\010\010\013\n\006\005\t\t\n\006\004\002\001\001\007\004"
