AEONMSH
Version: 1
Center {
  x: 1.3125
  y: 0.3149999976158142
  z: -1.5
}
Radii {
  x: 1.3125
  y: 0.3149999976158142
  z: 1.5
}
VertexFlags: 67
VertexCount: 22
IndexSize: 1
IndexCount: 84
VertexBuffer: "\000\000(@\000\000@\300\212\231\231\276j\0035?j\0035\277\014c\3673\331\330X?\324\323S?\300\277??\000\000(@\000\000@\300y3\0035(\315\023?&\315\023\277*\315\023?\331\330X?\324\323S?\300\277??\000\000\300>\000\000@\300\212\231\231\276\000\000\000\000\000\000\200\277L\357.4\331\330X?\324\323S?\300\277??\000\000\000\000r_#\255.\001\277\251(\315\023\277*\315\023?&\315\023?\331\330X?\324\323S?\300\277??\000\000\300>\314\364Q\263\232\231\231\276\000\000\000\000\000\000\200?L\357.\264\331\330X?\324\323S?\300\277??\000\000\300>m\360\321\263\232\231\031\2775]\232>\316\215g?:]\232\276\331\330X?\324\323S?\300\277??\276\023P(\"p\334\263\256G!\277(\315\023\277&\315\023?*\315\023\277\331\330X?\324\323S?\300\277??\000\000\300>\000\000@\300\246G!\277(\315\023?*\315\023\277&\315\023\277\331\330X?\324\323S?\300\277??\000\000\300>\000\000@\300\222\231\031\2775]\232>\320\215g\2770]\232\276\331\330X?\324\323S?\300\277??\205F0-\000\000@\300\246G!\277(\315\023\277*\315\023\277&\315\023\277\331\330X?\324\323S?\300\277??\331,0-\000\000@\300x3\0035(\315\023\277&\315\023\277*\315\023?\331\330X?\324\323S?\300\277??\000\000\300>lo\334\263\256G!\277(\315\023?&\315\023?*\315\023\277\331\330X?\324\323S?\300\277??\000\000(@\000\000\000\000\000\000\000\000(\315\023?*\315\023?&\315\023?\331\330X?\324\323S?\300\277??\000\000(@\365\353Q\263\232\231\231\276j\0035?j\0035?\014c\367\263\331\330X?\324\323S?\300\277??\000\000(@\365\353Q\263\232\231\231\276j\0035?j\0035?\014c\367\263\323\322\322>\323\322\322>\323\322\322>\000\000(@\365\353\321\263\232\231\031\277(\315\023?&\315\023?*\315\023\277\323\322\322>\323\322\322>\323\322\322>\000\000\300>m\360\321\263\232\231\031\2775]\232>\316\215g?:]\232\276\323\322\322>\323\322\322>\323\322\322>\000\000\300>\314\364Q\263\232\231\231\276\000\000\000\000\000\000\200?L\357.\264\323\322\322>\323\322\322>\323\322\322>\000\000\300>\000\000@\300\212\231\231\276\000\000\000\000\000\000\200\277L\357.4\323\322\322>\323\322\322>\323\322\322>\000\000\300>\000\000@\300\222\231\031\2775]\232>\320\215g\2770]\232\276\323\322\322>\323\322\322>\323\322\322>\000\000(@\000\000@\300\222\231\031\277(\315\023?*\315\023\277&\315\023\277\323\322\322>\323\322\322>\323\322\322>\000\000(@\000\000@\300\212\231\231\276j\0035?j\0035\277\014c\3673\323\322\322>\323\322\322>\323\322\322>"
IndexBuffer: "\000\001\002\003\004\005\005\006\003\007\010\t\002\001\n\013\006\005\003\014\004\014\r\004\010\007\013\013\005\010\t\010\002\002\n\t\n\001\014\014\003\n\014\001\000\000\r\014\013\007\t\t\006\013\003\006\t\t\n\003\016\017\020\020\021\016\022\023\024\024\025\022\025\024\017\017\016\025\023\020\017\017\024\023"
