AEONMSH
Version: 1
Center {
  x: 48.0
  y: 47.999998566297904
  z: 10.080007553100598
}
Radii {
  x: 48.0
  y: 48.000001433702096
  z: 10.080007553100574
}
VertexFlags: 131
VertexCount: 25
IndexSize: 1
IndexCount: 138
VertexBuffer: "\000\000\300B\375\377?A\257G\241A(\315\023?(\315\023\277(\315\023?\315\314L?\315\314L?\315\314L?\000\000\300B\376\377\277A\260G\241A(\315\023?(\315\023?(\315\023?\315\314L?\315\314L?\315\314L?\000\000\300A\376\377\277A\260G\241A5]\232>5]\232>\317\215g?\315\314L?\315\314L?\315\314L?\000\000\000\000>\224V-\255\032\352((\315\023\277(\315\023\277(\315\023\277\315\314L?\315\314L?\315\314L?\277\016\234-\000\000\300By3\2037(\315\023\277(\315\023?(\315\023\277\315\314L?\315\314L?\315\314L?\000\000@A\000\000\300By3\2037\000\000\000\000j\0035?j\0035\277\315\314L?\315\314L?\315\314L?\000\000@A\375\377?A\316\314\214A5]\232\2765]\232\276\317\215g?\315\314L?\315\314L?\315\314L?\277\016\234-\000\000\300B\325\314\214A(\315\023\277(\315\023?(\315\023?\315\314L?\315\314L?\315\314L?\000\000\000\000km@\266\315\314\214A(\315\023\277(\315\023\277(\315\023?\315\314L?\315\314L?\315\314L?\000\000\300B\000\000@Ay3\0036j\0035?\000\000\000\000j\0035\277\315\314L?\315\314L?\315\314L?\000\000\300B\000\000\300By3\2037(\315\023?(\315\023?(\315\023\277\315\314L?\315\314L?\315\314L?\000\000\300B\377\377\277A\236\231\031A\000\000\200?\000\000\000\000\000\000\000\000\315\314L?\315\314L?\315\314L?\000\000\300B\000\000\300B\252\231\031Aj\0035?j\0035?\000\000\000\000\315\314L?\315\314L?\315\314L?\000\000\300A\000\000\300B\266G\241A(\315\023?(\315\023?(\315\023?\315\314L?\315\314L?\315\314L?\000\000@A\000\000\300B\266G\241A(\315\023\277(\315\023?(\315\023?\315\314L?\315\314L?\315\314L?\000\000@A\375\377?A\257G\241A(\315\023\277(\315\023\277(\315\023?\315\314L?\315\314L?\315\314L?\000\000\300A\000\000\300B\252\231\031A\000\000\000\000\000\000\200?\000\000\000\000\315\314L?\315\314L?\315\314L?\000\000\300Bd\333\200\236\327\221\274)(\315\023?(\315\023\277(\315\023\277\315\314L?\315\314L?\315\314L?\000\000\300B\241m@\266\315\314\214A(\315\023?(\315\023\277(\315\023?\315\314L?\315\314L?\315\314L?\000\000\300B\375\377?A\316\314\214A\317\215g?5]\232\2765]\232>\315\314L?\315\314L?\315\314L?\000\000@A\000\000\300B\325\314\214A5]\232\276\317\215g?5]\232>\315\314L?\315\314L?\315\314L?\000\000\300B\376\377\277A\234\231\231A\317\215g?5]\232>5]\232>\315\314L?\315\314L?\315\314L?\000\000\300A\000\000\300B\242\231\231A5]\232>\317\215g?5]\232>\315\314L?\315\314L?\315\314L?\000\000\300A\376\377\277A\234\231\231A(\315\023?(\315\023?(\315\023?\315\314L?\315\314L?\315\314L?\000\000\300B\000\000\300B\242\231\231A(\315\023?(\315\023?(\315\023?\315\314L?\315\314L?\315\314L?"
IndexBuffer: "\000\001\002\003\004\005\006\007\010\t\n\013\n\014\013\002\r\016\017\000\002\002\016\017\014\n\020\020\n\005\021\003\t\022\023\006\006\024\007\010\022\006\t\023\022\022\021\t\000\023\025\025\001\000\016\024\006\006\017\016\024\026\020\020\005\024\013\025\023\023\t\013\024\005\004\004\007\024\027\026\r\r\002\027\027\002\001\001\025\027\026\024\016\016\r\026\026\027\025\025\030\026\t\003\005\005\n\t\003\021\022\022\010\003\017\006\023\023\000\017\030\025\013\013\014\030\004\003\010\010\007\004\014\020\026\026\030\014"
