AEONMSH
Version: 1
Center {
  x: 48.0
  y: 47.999998566297904
  z: 8.800007820129396
}
Radii {
  x: 48.0
  y: 48.000001433702096
  z: 8.800007820129393
}
VertexFlags: 131
VertexCount: 26
IndexSize: 1
IndexCount: 144
VertexBuffer: "@\211\377A\257\003sB\315\365hAT\377)?~\345\276>L\345%?\315\314L?\315\314L?\315\314L?\033dzB\302\234\370A\310\365hAn\311\266>X\305+?M[&?\315\314L?\315\314L?\315\314L?kH\242B\230n\240B\321\365hA\307\235\343\276\320-\350\276\213\275E?\315\314L?\315\314L?\315\314L?\000\000\300B\000\000\300By3\2037(\315\023?(\315\023?(\315\023\277\315\314L?\315\314L?\315\314L?\000\000\300B\377\377\277A\236\231\031A\000\000\200?\000\000\000\000\000\000\000\000\315\314L?\315\314L?\315\314L?\000\000\300B\315\201\303\235\202\r\017)(\315\023?(\315\023\277(\315\023\277\315\314L?\315\314L?\315\314L?\000\000\000\000\000\000\300By3\2037(\315\023\277(\315\023?(\315\023\277\315\314L?\315\314L?\315\314L?\000\000\300A\000\000\300B\252\231\031A\000\000\000\000\000\000\200?\000\000\000\000\315\314L?\315\314L?\315\314L?\033dzB\301\234\370A\320\314\214A0\375\227>\036\325\016?\215cF?\315\314L?\315\314L?\315\314L?@\211\377A\257\003sB\322\314\214A\031a\014?;\245\235>\216\007G?\315\314L?\315\314L?\315\314L?\246\023P*\241m@\266\315\314\214A(\315\023\277(\315\023\277(\315\023?\315\314L?\315\314L?\315\314L?\000\000\300B\000\000\300B\325\314\214A(\315\023?(\315\023?(\315\023?\315\314L?\315\314L?\315\314L?kH\242B\230n\240B\324\314\214A\020\357\007\277\025\251\n\277N\321&?\315\314L?\315\314L?\315\314L?\000\000\300B\000\000\220B\323\314\214A\261I\330>oa7\277\034)\016?\315\314L?\315\314L?\315\314L?\000\000\300B\000\000\220B\317\365hA\261\231X?-\251\226\276\307\205\343>\315\314L?\315\314L?\315\314L?\000\000\300B\376\377\277A\317\314\214AA\265 ?\004;\002?.\321\026?\315\314L?\315\314L?\315\314L?\000\000\300B\241m@\266\315\314\214A(\315\023?(\315\023\277(\315\023?\315\314L?\315\314L?\315\314L?\000\000\300B\377\377\277A\307\365hA\332\017m?!\235\220>\000-\200>\315\314L?\315\314L?\315\314L?\000\000\300B\000\000\220B\246\231\031A\000\000\200?\000\000\000\000\000\000\000\000\315\314L?\315\314L?\315\314L?\000\000\220B\000\000\300B\325\314\214Aq\2138\277\252\301\324>\034\375\r?\315\314L?\315\314L?\315\314L?\000\000\220B\000\000\300B\323\365hA+\225\225\276\260\367W?\315\235\346>\315\314L?\315\314L?\315\314L?\000\000\300A\000\000\300B\325\314\214A\002\033\001?Co!?.\003\027?\315\314L?\315\314L?\315\314L?\000\000\300A\000\000\300B\323\365hA \325\217>\333am?\373I}>\315\314L?\315\314L?\315\314L?\000\000\000\000\000\000\300B\325\314\214A(\315\023\277(\315\023?(\315\023?\315\314L?\315\314L?\315\314L?\000\000\220B\000\000\300B\252\231\031A\000\000\000\000\000\000\200?\000\000\000\000\315\314L?\315\314L?\315\314L?\246\023P*\332/\016\234\245\023P\'(\315\023\277(\315\023\277(\315\023\277\315\314L?\315\314L?\315\314L?"
IndexBuffer: "\000\001\002\003\004\005\003\006\007\010\t\n\013\014\r\r\016\013\017\020\021\003\022\004\023\013\024\025\026\027\007\030\003\t\025\027\n\020\010\020\017\010\t\027\n\013\023\014\004\021\020\020\005\004\t\010\001\001\000\t\001\021\016\016\002\001\007\006\027\027\026\007\030\024\013\013\003\030\024\026\000\000\002\024\010\017\021\021\001\010\007\026\024\024\030\007\022\003\013\013\016\022\022\016\021\021\004\022\r\014\002\002\016\r\025\t\000\000\026\025\005\031\006\006\003\005\014\023\024\024\002\014\006\031\n\n\027\006\020\n\031\031\005\020"
