AEONMSH
Version: 1
Center {
  x: 89.58143997192383
  y: 6.418622282014894
  z: 10.080000877380533
}
Radii {
  x: 6.418560028076172
  y: 6.418625566495848
  z: 10.08000087738021
}
VertexFlags: 67
VertexCount: 8
IndexSize: 1
IndexCount: 36
VertexBuffer: "\000\000\300[\nj\\\317\256G\241Z(\315\023X(\315\023\330(\315\023X\315\314L?\315\314L?\315\314L?f\332\264[\347Z\262Y\256G\241Z\351i\364\327\351i\364Wz\331<X\315\314L?\315\314L?\315\314L?eS\246[\364j\\\317\256G\241Z\227kK\330\024\031\212\327\026;\013X\315\314L?\315\314L?\315\314L?\000\000\300[\372\025jG\030(\373D(\315\023X(\315\023\330(\315\023\330\315\314L?\315\314L?\315\314L?f\332\264[\356Z\262Y\014\301sN\351i\364\327\351i\364Wz\331<\330\315\314L?\315\314L?\315\314L?\000\000\300[^eMZ\346Z\014O\024\031\212W\227kKX\026;\013\330\315\314L?\315\314L?\315\314L?\000\000\300[[eMZ\257G\241Z\024\031\212W\227kKX\026;\013X\315\314L?\315\314L?\315\314L?eS\246[\003\324x\270c\021\266C\227kK\330\024\031\212\327\026;\013\330\315\314L?\315\314L?\315\314L?"
IndexBuffer: "\000\001\002\003\004\005\000\006\001\003\007\004\006\005\004\004\001\006\004\007\002\002\001\004\007\003\000\000\002\007\005\006\000\000\003\005"
