AEONMSH
Version: 1
Center {
  x: 48.0
  y: 47.999995698894054
  z: 26.400007247924805
}
Radii {
  x: 48.0
  y: 48.000004301105946
  z: 26.400007247924805
}
VertexFlags: 67
VertexCount: 28
IndexSize: 1
IndexCount: 156
VertexBuffer: "\213\303iB^\264\236A43SB\302\311\340>%{\022\277cS1?\315\314L?\315\314L?\315\314L?\265\303\207B\'\361\340A43SB\005\217\002?\005\217\002\277cQ1?\315\314L?\315\314L?\315\314L?\240\023\320+\377\377\277B73SB(\315\023\277(\315\023?(\315\023?\315\314L?\315\314L?\315\314L?\347R\230Bu<\026B\rS\3156%{\022?\302\311\340\276cS1\277\315\314L?\315\314L?\315\314L?\265\303\207B,\361\340A0\266\2316\005\217\002?\005\217\002\277cQ1\277\315\314L?\315\314L?\315\314L?\240\023\320+\000\000\300By3\2037(\315\023\277(\315\023?(\315\023\277\315\314L?\315\314L?\315\314L?\000\000@B\374\310MA\367\236\0146q\241\270>@\345\037\277cQ1\277\315\314L?\315\314L?\315\314L?\000\000@B\363\310MA43SBq\241\270>@\345\037\277cQ1?\315\314L?\315\314L?\315\314L?M\363\022Be\327\351@33SB\033M\215>U\225*\277cQ1?\315\314L?\315\314L?\315\314L?M\363\022Bw\327\351@\010\313\2375\033M\215>U\225*\277cQ1\277\315\314L?\315\314L?\315\314L?\000\000\300B\377\377\277B73SB2\377\030?\037K\017?&\357\022?\315\314L?\315\314L?\315\314L?l[\276BY\360\246B73SBn\r7?\202\301\300\275cS1?\315\314L?\315\314L?\315\314L?\000\000\000\0008R\020\26733SB\037K\017\2772\377\030\277&\357\022?\315\314L?\315\314L?\315\314L?\013}HA\257?R?33SB\202\301\300=n\r7\277cQ1?\315\314L?\315\314L?\315\314L?\343\305\306A\'ZQ@33SB~!?>eW2\277cQ1?\315\314L?\315\314L?\315\314L?\347R\230Bs<\026B53SB%{\022?\302\311\340\276cS1?\315\314L?\315\314L?\315\314L?\361F\246B\376\377?B53SB@\345\037?q\241\270\276cQ1?\315\314L?\315\314L?\315\314L?\215b\261B\261\014mB63SBU\225*?\033M\215\276cS1?\315\314L?\315\314L?\315\314L?:u\271BzN\216B63SBeW2?~!?\276cQ1?\315\314L?\315\314L?\315\314L?\000\000\300B\000\000\300By3\20372\377\030?\037K\017?&\357\022\277\315\314L?\315\314L?\315\314L?\000\000\000\000\000\000\000\000\000\000\000\000\037K\017\2772\377\030\277&\357\022\277\315\314L?\315\314L?\315\314L?\013}HA?@R?3\254\0174\202\301\300=n\r7\277cQ1\277\315\314L?\315\314L?\315\314L?l[\276BZ\360\246B\322&d7n\r7?\202\301\300\275cS1\277\315\314L?\315\314L?\315\314L?:u\271B{N\216B\272|B7eW2?~!?\276cQ1\277\315\314L?\315\314L?\315\314L?\215b\261B\263\014mB7\374!7U\225*?\033M\215\276cS1\277\315\314L?\315\314L?\315\314L?\361F\246B\000\000@By3\0037@\345\037?q\241\270\276cQ1\277\315\314L?\315\314L?\315\314L?\213\303iBc\264\236A\352\345X6\302\311\340>%{\022\277cS1\277\315\314L?\315\314L?\315\314L?\343\305\306AKZQ@\020\017\0175~!?>eW2\277cQ1\277\315\314L?\315\314L?\315\314L?"
IndexBuffer: "\000\001\002\003\004\005\006\007\010\010\t\006\n\002\013\014\r\002\016\010\002\007\000\002\001\017\002\020\021\002\022\013\002\002\r\016\010\007\002\017\020\002\022\002\021\023\005\002\002\n\023\024\005\025\023\026\005\027\030\005\031\003\005\004\032\005\006\t\005\033\025\005\005\026\027\030\031\005\032\006\005\033\005\t\003\017\001\001\004\003\031\020\017\017\003\031\030\021\020\020\031\030\030\027\022\022\021\030\026\013\022\022\027\026\032\000\007\007\006\032\023\n\013\013\026\023\032\004\001\001\000\032\014\002\005\005\024\014\t\010\016\016\033\t\033\016\r\r\025\033\025\r\014\014\024\025"
