AEONMSH
Version: 1
Center {
  x: 27.542400360107422
  y: 23.8524756625618
  z: 41.966085060596924
}
Radii {
  x: 27.542400360107422
  y: 23.8524803921257
  z: 41.96608199262573
}
VertexFlags: 131
VertexCount: 28
IndexSize: 1
IndexCount: 180
VertexBuffer: "\242\324\302A\232O\245A\273\304\215A\322\025\351\276\322\025\351\276\210\337C\277\315\314L?\315\314L?\315\314L?+h\206A\251\353\247@\271\304\215A<)\236\276\022\371\010\277\223II\277\315\314L?\315\314L?\315\314L?\242\324\302A\362S\330A\273\304\215A\322\025\351\276\322\025\351>\210\337C\277\315\314L?\315\314L?\315\314L?\n\331\365A\362S\330A\273\304\215A\322\025\351>\322\025\351>\210\337C\277\315\314L?\315\314L?\315\314L?\247\"\031B@\324)B\275\304\215A<)\236>\022\371\010?\223II\277\315\314L?\315\314L?\315\314L?\n\331\365A\232O\245A\273\304\215A\322\025\351>\322\025\351\276\210\337C\277\315\314L?\315\314L?\315\314L?+h\206A@\324)B\275\304\215A<)\236\276\022\371\010?\223II\277\315\314L?\315\314L?\315\314L?\004\346\301@\275\321\276A\273\304\215A<+\036\277\000\000\000\000\223II\277\315\314L?\315\314L?\315\314L?\247\"\031B\251\353\247@\271\304\215A<)\236>\022\371\010\277\223II\277\315\314L?\315\314L?\315\314L?7\032DB\275\321\276A\273\304\215A<+\036?\000\000\000\000\223II\277\315\314L?\315\314L?\315\314L?=\202\207A\235\215\257@\377\225\211B\234)N\276D-\"\277~???\315\314L?\315\314L?\315\314L?\326V\334A\270\321\276AE\335\247B\212\301\304>\3061c\276\313ge?\315\314L?\315\314L?\315\314L?J\266\312@\271\321\276A\000\226\211BP\321\'\277-\241\026=\202\025A?\315\314L?\315\314L?\315\314L?\326V\334A\271\321\276A\000\226\211B\215I\306>\312\361d\276\312\367d?\315\314L?\315\314L?\315\314L?\300\225\030B\037\340(B\000\226\211B\215\225\306>\020\033\010?\201\275@?\315\314L?\315\314L?\315\314L?\025\000CB\271\321\276A\000\226\211BP\321\'?-\241\026\275\202\025A?\315\314L?\315\314L?\315\314L?=\202\207A\037\340(B\000\226\211Ba\211\260\2762\343\030?sa9?\315\314L?\315\314L?\315\314L?\300\225\030B\235\215\257@\377\225\211Ba\211\260>2\343\030\277sa9?\315\314L?\315\314L?\315\314L?\326V\\A\245\262\236\266%=\350A\372\t\375\276\266![\2776A\033\276\315\314L?\315\314L?\315\314L?\000\000\000\000\275\321\276A\'=\350A\372\t}\277\000\000\000\0006A\033\276\315\314L?\315\314L?\315\314L?\037+\264Av\375\346A1\330\23564=\032\2774=\032?\014\375\005\277\315\314L?\315\314L?\315\314L?_A\002Bv\375\346A1\330\23564=\032?4=\032?\014\375\005\277\315\314L?\315\314L?\315\314L?_A\002B\t\246\226AX\343M64=\032?4=\032\277\014\375\005\277\315\314L?\315\314L?\315\314L?\037+\264A\t\246\226AX\343M64=\032\2774=\032\277\014\375\005\277\315\314L?\315\314L?\315\314L? A%B\245\262\236\266%=\350A\372\t\375>\266![\2776A\033\276\315\314L?\315\314L?\315\314L?\326V\\A\340\321>B)=\350A\372\t\375\276\266![?6A\033\276\315\314L?\315\314L?\315\314L?\326V\\B\275\321\276A\'=\350A\372\t}?\000\000\000\0006A\033\276\315\314L?\315\314L?\315\314L? A%B\340\321>B)=\350A\372\t\375>\266![?6A\033\276\315\314L?\315\314L?\315\314L?"
IndexBuffer: "\000\001\002\003\004\005\001\006\002\006\001\007\010\004\t\010\005\004\n\013\014\013\n\r\016\013\017\016\013\r\016\r\017\n\r\014\020\014\r\r\016\020\021\017\r\r\n\021\001\022\023\023\007\001\024\002\003\003\025\024\025\026\027\027\024\025\005\000\027\027\026\005\023\022\n\n\014\023\022\001\010\010\030\022\006\007\023\023\031\006\032\t\004\004\033\032\032\017\021\021\030\032\000\002\024\024\027\000\004\003\002\002\006\004\030\010\t\t\032\030\010\001\000\000\005\010\025\003\005\005\026\025\020\014\013\013\016\020\020\031\023\023\014\020\030\021\n\n\022\030\021\017\013\013\n\021\032\033\016\016\017\032\004\006\031\031\033\004\020\016\033\033\031\020\002\000\005\005\003\002"
