AEONMSH
Version: 1
Center {
  x: 1.5
  y: 0.8650000095367432
  z: -1.5
}
Radii {
  x: 1.5
  y: 0.8650000095367432
  z: 1.5
}
VertexFlags: 67
VertexCount: 31
IndexSize: 1
IndexCount: 126
VertexBuffer: "\000\000\000\0004I7\255\243o\332\251(\315\023\277*\315\023?&\315\023?\331\330X?\324\323S?\300\277??\025\203\037-\000\000(\300\021\232\3454(\315\023\277&\315\023\277*\315\023?\331\330X?\324\323S?\300\277??\000\000\300>\000\000(\300\r\232\34545]\232\2760]\232\276\320\215g?\331\330X?\324\323S?\300\277??\000\000\300>\000\000@\300x3\0035(\315\023\277&\315\023\277*\315\023?\331\330X?\324\323S?\300\277??\000\000@?\000\000@\300\222\231\031\2775]\232>\320\215g\2770]\232\276\331\330X?\324\323S?\300\277??\000\000@?\000\000@\300\212\231\231\276\000\000\000\000\000\000\200\277L\357.4\331\330X?\324\323S?\300\277??\000\000@?\001\000@\300\240p\335\277(\315\023?*\315\023\277&\315\023\277\331\330X?\324\323S?\300\277??\000\000\300>\001\000@\300\240p\335\277(\315\023\277*\315\023\277&\315\023\277\331\330X?\324\323S?\300\277??\000\000\300>\001\000(\300\240p\335\2775]\232\276:]\232\276\316\215g\277\331\330X?\324\323S?\300\277??\016\371\t-\000\000\020\300\224\231\031\277\317\215g\2773]\232>7]\232\276\331\330X?\324\323S?\300\277??\"\037 -\001\000(\300\240p\335\277(\315\023\277*\315\023\277&\315\023\277\331\330X?\324\323S?\300\277??\000\000@@\000\000@\300y3\0035(\315\023?&\315\023\277*\315\023?\331\330X?\324\323S?\300\277??\000\000@@\000\000@\300\212\231\231\276j\0035?j\0035\277\014c\3673\331\330X?\324\323S?\300\277??\023-\n-\001\000\020\300\241p\335\277(\315\023\277&\315\023?*\315\023\277\331\330X?\324\323S?\300\277??\000\000@?\000\000\020\300\224\231\031\2775]\232>0]\232>\320\215g\277\331\330X?\324\323S?\300\277??\000\000@?\001\000\020\300\241p\335\277(\315\023?&\315\023?*\315\023\277\331\330X?\324\323S?\300\277??\000\000@?\000\000\020\300\224\231\031\2775]\232>0]\232>\320\215g\277\323\322\322>\323\322\322>\323\322\322>\016\371\t-\000\000\020\300\224\231\031\277\317\215g\2773]\232>7]\232\276\323\322\322>\323\322\322>\323\322\322>(\021\266*\326\361\321\263\232\231\031\277(\315\023\277&\315\023?*\315\023\277\323\322\322>\323\322\322>\323\322\322>\000\000@@\000\000@\300\222\231\031\277(\315\023?*\315\023\277&\315\023\277\323\322\322>\323\322\322>\323\322\322>\000\000@?\000\000@\300\222\231\031\2775]\232>\320\215g\2770]\232\276\323\322\322>\323\322\322>\323\322\322>\000\000@@\000\000\000\000\000\000\000\000(\315\023?*\315\023?&\315\023?\331\330X?\324\323S?\300\277??\000\000@@\377\353Q\263\232\231\231\276j\0035?j\0035?\014c\367\263\331\330X?\324\323S?\300\277??(\0216*\244\367Q\263\232\231\231\276j\0035\277j\0035?\014c\367\263\331\330X?\324\323S?\300\277??\372\220\t-\000\000\020\300\216\231\231\276\000\000\200\277\000\000\000\000\000\000\000\000\331\330X?\324\323S?\300\277??\000\000@@\377\353Q\263\232\231\231\276j\0035?j\0035?\014c\367\263\323\322\322>\323\322\322>\323\322\322>\000\000@@\365\353\321\263\232\231\031\277(\315\023?&\315\023?*\315\023\277\323\322\322>\323\322\322>\323\322\322>(\0216*\244\367Q\263\232\231\231\276j\0035\277j\0035?\014c\367\263\323\322\322>\323\322\322>\323\322\322>\000\000@@\000\000@\300\212\231\231\276j\0035?j\0035\277\014c\3673\323\322\322>\323\322\322>\323\322\322>\000\000@?\000\000@\300\212\231\231\276\000\000\000\000\000\000\200\277L\357.4\323\322\322>\323\322\322>\323\322\322>\372\220\t-\000\000\020\300\216\231\231\276\000\000\200\277\000\000\000\000\000\000\000\000\323\322\322>\323\322\322>\323\322\322>"
IndexBuffer: "\000\001\002\003\004\005\006\007\010\001\t\n\003\013\002\002\010\007\007\003\002\014\013\005\003\007\004\006\004\007\005\013\003\r\t\016\016\017\r\n\r\010\017\006\010\010\r\017\020\021\022\023\024\020\025\026\027\027\000\025\002\013\025\025\000\002\017\016\004\004\006\017\r\n\t\001\000\030\030\t\001\000\027\030\025\013\014\014\026\025\001\n\010\010\002\001\031\032\022\022\033\031\034\023\032\032\031\034\024\023\034\034\035\024\032\023\020\020\022\032\036\033\022\022\021\036"
