AEONMSH
Version: 1
Center {
  x: 48.0
  y: 47.999998566297904
  z: 10.08000659942627
}
Radii {
  x: 48.0
  y: 48.000001433702096
  z: 10.08000659942627
}
VertexFlags: 67
VertexCount: 28
IndexSize: 1
IndexCount: 156
VertexBuffer: "\000\000\300A\000\000\220B\264G\241A5]\232>5]\232\276\317\215g?\315\314L?\315\314L?\315\314L?\000\000@A\000\000\250B\265G\241A(\315\023\277(\315\023?(\315\023?\315\314L?\315\314L?\315\314L?\000\000\300A\017\000\300A\260G\241A5]\232>5]\232>\317\215g?\315\314L?\315\314L?\315\314L?\000\000\300B\000\000@Ay3\0036j\0035?\000\000\000\000j\0035\277\315\314L?\315\314L?\315\314L?\000\000\300B\000\000\250B\024\232e7j\0035?\000\000\000\000j\0035\277\315\314L?\315\314L?\315\314L?\000\000\300B\020\000\300A\236\231\031A\000\000\200?\000\000\000\000\000\000\000\000\315\314L?\315\314L?\315\314L?\000\000@A\000\000\250B\324\314\214A5]\232\2765]\232>\317\215g?\315\314L?\315\314L?\315\314L?\350\377\2775\000\000\300B\325\314\214A(\315\023\277(\315\023?(\315\023?\315\314L?\315\314L?\315\314L?\000\000@A\375\377?A\316\314\214A5]\232\2765]\232\276\317\215g?\315\314L?\315\314L?\315\314L?\000\000\300B\000\000\220B\264G\241A(\315\023?(\315\023\277(\315\023?\315\314L?\315\314L?\315\314L?\000\000\300B\000\000\250B\265G\241A(\315\023?(\315\023?(\315\023?\315\314L?\315\314L?\315\314L?\000\000@A\375\377?A\257G\241A(\315\023\277(\315\023\277(\315\023?\315\314L?\315\314L?\315\314L?\000\000\300B\375\377?A\257G\241A(\315\023?(\315\023\277(\315\023?\315\314L?\315\314L?\315\314L?\000\000\300B\017\000\300A\260G\241A(\315\023?(\315\023?(\315\023?\315\314L?\315\314L?\315\314L?\000\000\300B\000\000\220B\246\231\031A\000\000\200?\000\000\000\000\000\000\000\000\315\314L?\315\314L?\315\314L?\000\000\300B\000\000\000\000\000\000\000\000(\315\023?(\315\023\277(\315\023\277\315\314L?\315\314L?\315\314L?\000\000\000\000\350\377\2775|\224\216*(\315\023\277(\315\023\277(\315\023\277\315\314L?\315\314L?\315\314L?\350\377\2775\000\000\300By3\2037(\315\023\277(\315\023?(\315\023\277\315\314L?\315\314L?\315\314L?\000\000\300B\000\000\300By3\2037(\315\023?(\315\023?(\315\023\277\315\314L?\315\314L?\315\314L?\000\000\300B\241m@\266\315\314\214A(\315\023?(\315\023\277(\315\023?\315\314L?\315\314L?\315\314L?\000\000\300B\375\377?A\316\314\214A\317\215g?5]\232\2765]\232>\315\314L?\315\314L?\315\314L?\000\000\300B\000\000\250B\324\314\214A\317\215g?5]\232>5]\232>\315\314L?\315\314L?\315\314L?\000\000\300B\000\000\300B\325\314\214A(\315\023?(\315\023?(\315\023?\315\314L?\315\314L?\315\314L?\000\000\000\000Z\333\300\265\315\314\214A(\315\023\277(\315\023\277(\315\023?\315\314L?\315\314L?\315\314L?\000\000\300B\017\000\300A\234\231\231A\317\215g?5]\232>5]\232>\315\314L?\315\314L?\315\314L?\000\000\300B\000\000\220B\240\231\231A\317\215g?5]\232\2765]\232>\315\314L?\315\314L?\315\314L?\000\000\300A\000\000\220B\240\231\231A(\315\023?(\315\023\277(\315\023?\315\314L?\315\314L?\315\314L?\000\000\300A\017\000\300A\234\231\231A(\315\023?(\315\023?(\315\023?\315\314L?\315\314L?\315\314L?"
IndexBuffer: "\000\001\002\003\004\005\006\007\010\000\t\n\013\014\002\014\r\002\000\n\001\013\002\001\004\016\005\017\020\003\021\022\004\023\024\010\006\025\026\027\023\010\006\026\007\027\010\007\030\r\014\014\024\030\013\010\024\024\014\013\003\024\023\023\017\003\024\003\005\005\030\024\025\031\016\016\004\025\031\025\n\n\t\031\n\025\006\006\001\n\004\003\020\020\021\004\021\007\026\026\022\021\005\016\031\031\030\005\017\023\027\027\020\017\022\026\025\025\004\022\027\007\021\021\020\027\001\006\010\010\013\001\032\000\002\002\033\032\000\032\031\031\t\000\032\033\030\030\031\032\002\r\030\030\033\002"
