AEONMSH
Version: 1
Center {
  x: 48.0
  y: 47.9999984359614
  z: 9.600008010864258
}
Radii {
  x: 48.0
  y: 48.0000015640386
  z: 9.600008010864258
}
VertexFlags: 131
VertexCount: 12
IndexSize: 1
IndexCount: 66
VertexBuffer: "\364p\264,F\340\321\265\232\231\031AU\251*\277U\251*\277U\251\252>\315\314L?\315\314L?\315\314L?\000\000\300B\353\353\321\265\232\231\031AU\251*?U\251*\277U\251\252>\315\314L?\315\314L?\315\314L?\000\000\300B\365\353Q\266\232\231\231A(\315\023?(\315\023\277(\315\023?\315\314L?\315\314L?\315\314L?C\3416-\022\346Q\266\232\231\231A(\315\023\277(\315\023\277(\315\023?\315\314L?\315\314L?\315\314L?\000\000\300B\000\000\300B\242\231\231A(\315\023?(\315\023?(\315\023?\315\314L?\315\314L?\315\314L?\222\350\265/\000\000\300B\242\231\231A(\315\023\277(\315\023?(\315\023?\315\314L?\315\314L?\315\314L?\222\350\265/\000\000\300B\252\231\031AU\251*\277U\251*?U\251\252>\315\314L?\315\314L?\315\314L?\000\000\300B\000\000\300B\252\231\031AU\251*?U\251*?U\251\252>\315\314L?\315\314L?\315\314L?\000\000\000\000z\345\267/\230qZ,(\315\023\277(\315\023\277(\315\023\277\315\314L?\315\314L?\315\314L?\000\000\300B\000\000\000\000\000\000\000\000(\315\023?(\315\023\277(\315\023\277\315\314L?\315\314L?\315\314L?\222\350\265/\000\000\300B{3\2037(\315\023\277(\315\023?(\315\023\277\315\314L?\315\314L?\315\314L?\000\000\300B\000\000\300By3\2037(\315\023?(\315\023?(\315\023\277\315\314L?\315\314L?\315\314L?"
IndexBuffer: "\000\001\002\002\003\000\003\002\004\004\005\003\006\000\003\003\005\006\005\004\007\007\006\005\000\010\t\t\001\000\000\001\007\007\006\000\t\010\n\n\013\t\001\007\004\004\002\001\007\001\t\t\013\007\000\006\n\n\010\000\006\007\013\013\n\006"
