AEONMSH
Version: 1
Center {
  x: 1.5
  y: 0.3149999976158142
  z: -1.5
}
Radii {
  x: 1.5
  y: 0.3149999976158142
  z: 1.5
}
VertexFlags: 67
VertexCount: 30
IndexSize: 1
IndexCount: 108
VertexBuffer: "\006\362\\>\r\362\\\276\255G!\277\005\217\002\277\003\217\002?dQ1\277\331\330X?\324\323S?\300\277??Pq\354>\364j\334\263\256G!\277\0265\213\276p\3578?G\277\"\277\331\330X?\324\323S?\300\277??\000\000@@\000\000@\300\246G!\277(\315\023?*\315\023\277&\315\023\277\331\330X?\324\323S?\300\277??\240\023P)\345/\216\232\264\023\320\245(\315\023\277*\315\023?&\315\023?\331\330X?\324\323S?\300\277??\240\023P)Sq\354\276\204\353\021\277\365Sz\277_\361/>\355\241\364\275\331\330X?\324\323S?\300\277??\000\000\000\000\000\000@\300y3\0035(\315\023\277&\315\023\277*\315\023?\331\330X?\324\323S?\300\277??Pq\354>\377l\307\263\205\353\021\277`\361/\276\365Sz?\376\241\364\275\331\330X?\324\323S?\300\277??\230O6>\377l\307\263\205\353\021\277\341\271p>\2305M?\033\267\014\277\331\330X?\324\323S?\300\277??\243\\\252=\257\\\252\275\205\353\021\277\005\217\002?\007\217\002\277bQ1\277\220\217\017?\222\221\021?\232\231\031?\230O6>\377l\307\263\205\353\021\277\341\271p>\2305M?\033\267\014\277\220\217\017?\222\221\021?\232\231\031?\006\362\\>\014\362\\\276\204\353\021\277\365m\372\276\361m\372>s\3338\277\220\217\017?\222\221\021?\232\231\031?\240\023P)\364j\334\263\256G!\277(\315\023\277&\315\023?*\315\023\277\331\330X?\324\323S?\300\277??\243\\\252=\261\\\252\275\256G!\277\365m\372>\371m\372\276q\3338\277\331\330X?\324\323S?\300\277??\240\023P)\237O6\276\256G!\277.)\227\276\223\323H\277\025\231\013\277\331\330X?\324\323S?\300\277??\000\000\000\000\000\000@\300\246G!\277(\315\023\277*\315\023\277&\315\023\277\331\330X?\324\323S?\300\277??\240\023P)Sq\354\276\255G!\277r\3578\277\0235\213>F\277\"\277\331\330X?\324\323S?\300\277??\000\000@@\376j\334\263\256G!\277(\315\023?&\315\023?*\315\023\277\331\330X?\324\323S?\300\277??\000\000@@\240\023P\251\327/\016\036(\315\023?*\315\023?&\315\023?\331\330X?\324\323S?\300\277??\240\023P)\236O6\276\205\353\021\277\2325M\277\347\271p\276\030\267\014\277\331\330X?\324\323S?\300\277??\230O6>\364j\334\263\256G!\277\222\323H?+)\227>\030\231\013\277\331\330X?\324\323S?\300\277??\000\000@@\000\000@\300y3\0035(\315\023?&\315\023\277*\315\023?\331\330X?\324\323S?\300\277??\240\023P)Sq\354\276\204\353\021\277\365Sz\277_\361/>\355\241\364\275\220\217\017?\222\221\021?\232\231\031?\240\023P)\236O6\276\205\353\021\277\2325M\277\347\271p\276\030\267\014\277\220\217\017?\222\221\021?\232\231\031?Pq\354>\377l\307\263\205\353\021\277`\361/\276\365Sz?\376\241\364\275\220\217\017?\222\221\021?\232\231\031?\006\362\\>\r\362\\\276\255G!\277\005\217\002\277\003\217\002?dQ1\277\220\217\017?\222\221\021?\232\231\031?\240\023P)Sq\354\276\255G!\277r\3578\277\0235\213>F\277\"\277\220\217\017?\222\221\021?\232\231\031?Pq\354>\364j\334\263\256G!\277\0265\213\276p\3578?G\277\"\277\220\217\017?\222\221\021?\232\231\031?\240\023P)\237O6\276\256G!\277.)\227\276\223\323H\277\025\231\013\277\220\217\017?\222\221\021?\232\231\031?\243\\\252=\261\\\252\275\256G!\277\365m\372>\371m\372\276q\3338\277\220\217\017?\222\221\021?\232\231\031?\230O6>\364j\334\263\256G!\277\222\323H?+)\227>\030\231\013\277\220\217\017?\222\221\021?\232\231\031?"
IndexBuffer: "\000\001\002\003\004\005\006\007\003\010\t\n\013\014\r\002\016\017\017\000\002\001\020\002\021\020\001\001\006\021\003\013\022\013\r\022\003\022\004\003\021\006\007\023\013\007\013\003\024\021\003\003\005\024\004\017\016\016\005\004\n\025\026\026\010\n\t\027\n\020\021\024\024\002\020\013\023\014\016\002\024\024\005\016\025\n\030\030\031\025\n\027\032\032\030\n\010\026\033\033\034\010\t\010\034\034\035\t"
