AEONMSH
Version: 1
Center {
  x: 48.0
  y: 47.99999835775952
  z: 10.080007553100586
}
Radii {
  x: 48.0
  y: 48.00000164224048
  z: 10.080007553100586
}
VertexFlags: 67
VertexCount: 24
IndexSize: 1
IndexCount: 132
VertexBuffer: "\000\000\300B\000\000\300By3\2037(\315\023?(\315\023?(\315\023\277\315\314L?\315\314L?\315\314L?\000\000\300B(\350vB\212\353\221A\353\261u?\314\321e>Z\301,>\315\314L?\315\314L?\315\314L?\000\000\300B\240\023\320+\327/\216 (\315\023?(\315\023\277(\315\023\277\315\314L?\315\314L?\315\314L?)\350vB\000\000\300B\215\353\221A\314\321e>\353\261u?Z\301,>\315\314L?\315\314L?\315\314L?=I\212B\000\000\300B\215\353\221A\r\251\206\276\243\237Q?\005\233\002?\315\314L?\315\314L?\315\314L?\000\000\300B\000\000\300B\266G\241A(\315\023?(\315\023?(\315\023?\315\314L?\315\314L?\315\314L?\345a\243B\345a\243B\265G\241A\005\217\002\277\005\217\002\277cQ1?\315\314L?\315\314L?\315\314L?\000\000\300B=I\212B\264G\241Aa\251\260>\206\361B\277\031s\014?\315\314L?\315\314L?\315\314L?\000\000\300B=I\212B\213\353\221A\243\237Q?\r\251\206\276\005\233\002?\315\314L?\315\314L?\315\314L?\000\000\300B\352j\\\266\256G\241A(\315\023?(\315\023\277(\315\023?\315\314L?\315\314L?\315\314L?\000\000\300B(\350vB\263G\241Ad\0172?}Y\276>;c\035?\315\314L?\315\314L?\315\314L?\370\302\272B=\350}B\263G\241A\257\231\327>\031}\014?r\3338?\315\314L?\315\314L?\315\314L?)\350vB\000\000\300B\266G\241A}Y\276>d\0172?;c\035?\315\314L?\315\314L?\315\314L?\000\000\000\000\000\000\300B\266G\241A(\315\023\277(\315\023?(\315\023?\315\314L?\315\314L?\315\314L?>\350}B\370\302\272B\266G\241A\031}\014?\257\231\327>r\3338?\315\314L?\315\314L?\315\314L?\264\345\232B\264\345\232B\265G\241A\365m\372>\365m\372>r\3358?\315\314L?\315\314L?\315\314L?>\350}B\370\302\272B\215\353\221A%{\022?\302\311\340>cS1?\315\314L?\315\314L?\315\314L?\370\302\272B=\350}B\212\353\221A\302\311\340>%{\022?cS1?\315\314L?\315\314L?\315\314L?\000\000\000\000\000\000\300By3\2037(\315\023\277(\315\023?(\315\023\277\315\314L?\315\314L?\315\314L?=I\212B\000\000\300B\266G\241A\206\361B\277a\251\260>\031s\014?\315\314L?\315\314L?\315\314L?\264\345\232B\264\345\232B\214\353\221A\005\217\002?\005\217\002?cQ1?\315\314L?\315\314L?\315\314L?\345a\243B\345a\243B\214\353\221A\365m\372\276\365m\372\276r\3358?\315\314L?\315\314L?\315\314L?\240\023\320+\364j\\\266\256G\241A(\315\023\277(\315\023\277(\315\023?\315\314L?\315\314L?\315\314L?\240\023\320+\000\000\000\000\000\000\000\000(\315\023\277(\315\023\277(\315\023\277\315\314L?\315\314L?\315\314L?"
IndexBuffer: "\000\001\002\003\004\000\005\006\007\000\010\001\t\n\013\014\r\016\016\r\017\t\013\017\003\020\004\001\010\021\000\022\003\005\023\006\024\021\010\010\025\024\001\021\013\013\n\001\020\003\014\014\016\020\026\r\022\022\027\026\004\023\005\005\000\004\022\000\002\002\027\022\026\t\017\017\r\026\010\000\005\005\007\010\024\025\004\004\020\024\003\022\r\r\014\003\t\002\001\001\n\t\021\024\017\017\013\021\024\020\016\016\017\024\002\t\026\026\027\002\004\025\006\006\023\004\025\010\007\007\006\025"
