AEONMSH
Version: 1
Center {
  x: 1.5
  y: 0.824999988079071
  z: -1.5
}
Radii {
  x: 1.5
  y: 0.824999988079071
  z: 1.5
}
VertexFlags: 67
VertexCount: 19
IndexSize: 1
IndexCount: 102
VertexBuffer: ":\001@38R\220\26433\323\277\351Y\364\276\345Y\364>{\343<\277\331\330X?\324\323S?\300\277??l[>@\016}\310\276\314\314\014\277UI*>\274A\263\274\371]|\277\331\330X?\324\323S?\300\277??:u9@\345\305F\277\313\314\014\277L\351%>\217\3011\275\371]|\277\331\330X?\324\323S?\300\277??\000\000@@\3406\020\264\315\314\014\277P\035(?/\333\027?\340i\356\276\331\330X?\324\323S?\300\277??\000\000@@\000\000@\300\305\314\014\277(\315\023?*\315\023\277&\315\023\277\331\330X?\324\323S?\300\277??\265\303\007@\265\303\007\300\307\314\014\277\346\341\362=\374\341\362\275\371]|\277\331\330X?\324\323S?\300\277??\347R\030@\214\303\351\277\310\314\014\277\020A\010>\270!\321\275\371]|\277\331\330X?\324\323S?\300\277??\013}\310>l[>\300\305\314\014\277fA\263<`I*\276\371]|\277\331\330X?\324\323S?\300\277??\000\000\000\000\000\000@\300\305\314\014\2770\333\027\277Q\035(\277\331i\356\276\331\330X?\324\323S?\300\277??\343\305F?:u9\300\305\314\014\277d\3011=W\351%\276\371]|\277\331\330X?\324\323S?\300\277??M\363\222?\215b1\300\305\314\014\277\007q\203=H\251\036\276\371]|\277\331\330X?\324\323S?\300\277??\000\000\300?\361F&\300\306\314\014\277X\301\253=4\271\024\276\371]|\277\331\330X?\324\323S?\300\277??\213\303\351?\347R\030\300\306\314\014\277\242!\321=\033A\010\276\371]|\277\331\330X?\324\323S?\300\277??\361F&@\001\000\300\277\311\314\014\277)\271\024>n\301\253\275\371]|\277\331\330X?\324\323S?\300\277??\215b1@N\363\222\277\312\314\014\277=\251\036>\035q\203\275\371]|\277\331\330X?\324\323S?\300\277??\000\000@@\000\000@\300y3\0035(\315\023?&\315\023\277*\315\023?\331\330X?\324\323S?\300\277??\000\000\000\000\000\000@\300y3\0035(\315\023\277&\315\023\277*\315\023?\331\330X?\324\323S?\300\277??:\001@3\240\023P\251\327/\016\036(\315\023\277*\315\023?&\315\023?\331\330X?\324\323S?\300\277??\000\000@@=\000@\263\2433\003((\315\023?*\315\023?&\315\023?\331\330X?\324\323S?\300\277??"
IndexBuffer: "\000\001\002\000\003\001\004\005\006\000\007\010\000\t\007\000\n\t\000\013\n\000\014\013\000\005\014\000\006\005\000\r\006\000\016\r\000\002\016\004\017\020\020\010\004\003\000\021\021\022\003\003\022\017\017\004\003\004\010\007\004\007\t\001\003\004\002\001\004\004\t\n\004\n\013\016\002\004\r\016\004\004\013\014\004\014\005\006\r\004\021\000\010\010\020\021\022\021\020\020\017\022"
