AEONMSH
Version: 1
Center {
  x: 1.5
  y: 0.824999988079071
  z: -1.5
}
Radii {
  x: 1.5
  y: 0.824999988079071
  z: 1.5
}
VertexFlags: 67
VertexCount: 28
IndexSize: 1
IndexCount: 156
VertexBuffer: "\213\303\351?\347R\030\300w-\3204\302\311\340>#{\022\277eS1?\331\330X?\324\323S?\300\277??\265\303\007@\265\303\007\300\332\213\2714\005\217\002?\003\217\002\277dQ1?\331\330X?\324\323S?\300\277??:\001@3\240\023P\251\327/\016\036(\315\023\277*\315\023?&\315\023?\331\330X?\324\323S?\300\277??:\001@38R\220\26433\323\277\351Y\364\276\345Y\364>{\343<\277\331\330X?\324\323S?\300\277??\013}\310>l[>\300\305\314\014\277\272!\335=\246\375Q\277\036\311\017\277\331\330X?\324\323S?\300\277??\000\000\000\000\000\000@\300\305\314\014\277(\347\023\277[\337,\277\321\265\352\276\331\330X?\324\323S?\300\277??\343\305F?:u9\300\305\314\014\277\266A[>\233\225L\277\036\311\017\277\331\330X?\324\323S?\300\277??M\363\222?\215b1\300\305\314\014\277D\031\242>\211\255C\277\036\311\017\277\331\330X?\324\323S?\300\277??\000\000\300?\361F&\300\306\314\014\277\250\315\323>qm7\277\036\311\017\277\331\330X?\324\323S?\300\277??\213\303\351?\347R\030\300\306\314\014\277\002\357\000?R\007(\277\036\311\017\277\331\330X?\324\323S?\300\277??\265\303\007@\265\303\007\300\307\314\014\277,\303\025?.\303\025\277\036\311\017\277\331\330X?\324\323S?\300\277??\347R\030@\214\303\351\277\310\314\014\277P\007(?\004\357\000\277\037\311\017\277\331\330X?\324\323S?\300\277??\361F&@\001\000\300\277\311\314\014\277om7?\253\315\323\276\037\311\017\277\331\330X?\324\323S?\300\277??\215b1@N\363\222\277\312\314\014\277\207\255C?G\031\242\276\037\311\017\277\331\330X?\324\323S?\300\277??:u9@\345\305F\277\313\314\014\277\231\225L?\274A[\276\037\311\017\277\331\330X?\324\323S?\300\277??l[>@\016}\310\276\314\314\014\277\244\375Q?\306!\335\275 \311\017\277\331\330X?\324\323S?\300\277??\000\000@@\3406\020\264\315\314\014\277Z\337,?\'\347\023?\330\265\352\276\331\330X?\324\323S?\300\277??\000\000@@=\000@\263\2433\003(2\377\030?!K\017?$\357\022?\331\330X?\324\323S?\300\277??l[>@\013}\310\276f\000\2113n\r7?s\301\300\275cS1?\331\330X?\324\323S?\300\277??\000\000\000\000\000\000@\300y3\0035\037K\017\2770\377\030\277(\357\022?\331\330X?\324\323S?\300\277??\013}\310>l[>\300\023\024\0025\202\301\300=l\r7\277eS1?\331\330X?\324\323S?\300\277??\343\305F?:u9\300\022v\3754~!?>cW2\277eQ1?\331\330X?\324\323S?\300\277??M\363\222?\215b1\300\227m\3624\033M\215>S\225*\277eS1?\331\330X?\324\323S?\300\277??\000\000\300?\361F&\300K?\3434q\241\270>>\345\037\277eQ1?\331\330X?\324\323S?\300\277??\347R\030@\213\303\351\277k\275\2374%{\022?\276\311\340\276dS1?\331\330X?\324\323S?\300\277??\361F&@\000\000\300\277y3\2034@\345\037?m\241\270\276dQ1?\331\330X?\324\323S?\300\277??\215b1@M\363\222\277v\325H4U\225*?\027M\215\276dS1?\331\330X?\324\323S?\300\277??:u9@\343\305F\277N\324\0074eW2?v!?\276dQ1?\331\330X?\324\323S?\300\277??"
IndexBuffer: "\000\001\002\003\004\005\003\006\004\003\007\006\003\010\007\003\t\010\003\n\t\003\013\n\003\014\013\003\r\014\003\016\r\003\017\016\003\020\017\021\002\022\023\024\002\025\026\002\027\000\002\001\030\002\031\032\002\033\022\002\002\024\025\026\027\002\030\031\002\033\002\032\020\003\002\002\021\020\002\003\005\005\023\002\004\024\023\023\005\004\020\021\022\022\017\020\017\022\033\033\016\017\016\033\032\032\r\016\r\032\031\031\014\r\014\031\030\030\013\014\013\030\001\001\n\013\n\001\000\000\t\n\t\000\027\027\010\t\010\027\026\026\007\010\007\026\025\025\006\007\006\025\024\024\004\006"
