AEONMSH
Version: 1
Center {
  x: 48.0
  y: 47.99999641415002
  z: 26.399999618530273
}
Radii {
  x: 48.0
  y: 48.00000358584998
  z: 26.399999618530273
}
VertexFlags: 67
VertexCount: 8
IndexSize: 1
IndexCount: 36
VertexBuffer: "\000\000\300B\241m@\266\315\314\214AF\t#?\"\337\020\277\014\007\006?\315\314L?\315\314L?\315\314L?=\000\3005o\244\360\26633SB\367\275\373\276\367\275\373\276p\3677?\315\314L?\315\314L?\315\314L?\000\000\000\000\005\000\3005|3\203*(\315\023\277(\315\023\277(\315\023\277\315\314L?\315\314L?\315\314L?\000\000\300B\000\000\000\000\000\000\000\000(\315\023?(\315\023\277(\315\023\277\315\314L?\315\314L?\315\314L?\000\000\300B\000\000\300By3\2037(\315\023?(\315\023?(\315\023\277\315\314L?\315\314L?\315\314L?\000\000\300B\000\000\300B\325\314\214A9\177\034?9\177\034?\001\247\000?\315\314L?\315\314L?\315\314L?\005\000\3005\000\000\300By3\2037(\315\023\277(\315\023?(\315\023\277\315\314L?\315\314L?\315\314L?\005\000\3005\000\000\300B\325\314\214A\"\337\020\277F\t#?\014\007\006?\315\314L?\315\314L?\315\314L?"
IndexBuffer: "\000\001\002\002\003\000\004\005\000\000\003\004\005\004\006\006\007\005\002\001\007\007\006\002\005\007\001\001\000\005\006\004\003\003\002\006"
