AEONMSH
Version: 1
Center {
  x: 48.0
  y: 47.9999984359614
  z: 27.680007934570312
}
Radii {
  x: 48.0
  y: 48.0000015640386
  z: 27.680007934570312
}
VertexFlags: 131
VertexCount: 23
IndexSize: 1
IndexCount: 126
VertexBuffer: "\000\000\000\0004I\267/\227qZ,(\315\023\277(\315\023\277(\315\023\277\315\314L?\315\314L?\315\314L?\025\203\237/\000\000\250B\027\232e7(\315\023\277(\315\023?(\315\023\277\315\314L?\315\314L?\315\314L?\000\000@A\000\000\250B\033\232e75]\232\2765]\232>\317\215g\277\315\314L?\315\314L?\315\314L?\000\000@A\000\000\300Bz3\2037(\315\023\277(\315\023?(\315\023\277\315\314L?\315\314L?\315\314L?\000\000\300A\000\000\300B\242\231\231A5]\232>\317\215g?5]\232>\315\314L?\315\314L?\315\314L?\000\000\300A\000\000\300B\252\231\031A\000\000\000\000\000\000\200?\000\000\000\000\315\314L?\315\314L?\315\314L?\000\000\300A\377\377\277B\250p]B(\315\023?(\315\023?(\315\023?\315\314L?\315\314L?\315\314L?\000\000@A\377\377\277B\250p]B(\315\023\277(\315\023?(\315\023?\315\314L?\315\314L?\315\314L?\000\000@A\377\377\247B\250p]B5]\232\2765]\232>\317\215g?\315\314L?\315\314L?\315\314L?\372\220\211/\000\000\220B\246\231\031A\000\000\200\277\000\000\000\000\000\000\000\000\315\314L?\315\314L?\315\314L?\016\371\211/\000\000\220B\240\231\231A\317\215g\2775]\232\2765]\232>\315\314L?\315\314L?\315\314L?\000\000\300B\000\000\300By3\2037(\315\023?(\315\023?(\315\023\277\315\314L?\315\314L?\315\314L?\000\000\300B\000\000\300B\252\231\031Aj\0035?j\0035?\000\000\000\000\315\314L?\315\314L?\315\314L?\"\037\240/\377\377\247B\250p]B(\315\023\277(\315\023?(\315\023?\315\314L?\315\314L?\315\314L?\023-\212/\377\377\217B\247p]B(\315\023\277(\315\023\277(\315\023?\315\314L?\315\314L?\315\314L?\000\000\300A\377\377\217B\247p]B(\315\023?(\315\023\277(\315\023?\315\314L?\315\314L?\315\314L?\000\000\300A\000\000\220B\240\231\231A5]\232>5]\232\276\317\215g?\315\314L?\315\314L?\315\314L?(\0216-\024\346Q\266\232\231\231A(\315\023\277(\315\023\277(\315\023?\315\314L?\315\314L?\315\314L?\000\000\300B\000\000\300B\242\231\231A(\315\023?(\315\023?(\315\023?\315\314L?\315\314L?\315\314L?(\021\266,F\340\321\265\232\231\031Aj\0035\277j\0035\277\000\000\000\000\315\314L?\315\314L?\315\314L?\000\000\300B\353\353\321\265\232\231\031Aj\0035?j\0035\277\000\000\000\000\315\314L?\315\314L?\315\314L?\000\000\300B\000\000\000\000\000\000\000\000(\315\023?(\315\023\277(\315\023\277\315\314L?\315\314L?\315\314L?\000\000\300B\365\353Q\266\232\231\231A(\315\023?(\315\023\277(\315\023?\315\314L?\315\314L?\315\314L?"
IndexBuffer: "\000\001\002\003\004\005\006\007\010\001\t\n\003\013\002\014\013\005\003\007\004\006\004\007\005\013\003\r\016\010\017\006\010\010\016\017\020\n\021\022\004\020\016\r\n\001\000\t\000\023\t\n\r\001\024\025\013\013\014\024\025\000\002\002\013\025\006\017\020\020\004\006\002\001\r\r\010\002\014\022\026\026\024\014\003\002\010\010\007\003\021\n\t\t\023\021\000\025\024\024\023\000\017\016\n\n\020\017\026\022\020\020\021\026\024\026\021\021\023\024\004\022\014\014\005\004"
