AEONMSH
Version: 1
Center {
  x: 89.58143997192383
  y: 6.418622282014894
  z: 10.080000877380533
}
Radii {
  x: 6.418560028076172
  y: 6.418625566495848
  z: 10.08000087738021
}
VertexFlags: 67
VertexCount: 8
IndexSize: 1
IndexCount: 36
VertexBuffer: "\000\000@^\nj\334\321\256G!](\315\223Z(\315\223\332(\315\223Z\315\314L?\315\314L?\315\314L?f\3324^\347Z2\\\256G!]\351it\332\351itZz\331\274Z\315\314L?\315\314L?\315\314L?eS&^\364j\334\321\256G!]\227k\313\332\024\031\n\332\026;\213Z\315\314L?\315\314L?\315\314L?\000\000@^\372\025\352I\030({G(\315\223Z(\315\223\332(\315\223\332\315\314L?\315\314L?\315\314L?f\3324^\356Z2\\\014\301\363P\351it\332\351itZz\331\274\332\315\314L?\315\314L?\315\314L?\000\000@^^e\315\\\346Z\214Q\024\031\nZ\227k\313Z\026;\213\332\315\314L?\315\314L?\315\314L?\000\000@^[e\315\\\257G!]\024\031\nZ\227k\313Z\026;\213Z\315\314L?\315\314L?\315\314L?eS&^\003\324\370\272c\0216F\227k\313\332\024\031\n\332\026;\213\332\315\314L?\315\314L?\315\314L?"
IndexBuffer: "\000\001\002\003\004\005\000\006\001\003\007\004\002\001\004\004\007\002\003\005\006\006\000\003\001\006\005\005\004\001\002\007\003\003\000\002"
