AEONMSH
Version: 1
Center {
  x: 48.0
  y: 47.999995698894054
  z: 26.400007247924805
}
Radii {
  x: 48.0
  y: 48.000004301105946
  z: 26.400007247924805
}
VertexFlags: 67
VertexCount: 32
IndexSize: 1
IndexCount: 165
VertexBuffer: "\000\000\300B\005\333\300\265\315\314\214AP1(?2\035\031\277\326\361\352>\315\314L?\315\314L?\315\314L?\000\000\220B\376\377\357A63\323A\201\231@>\204\337A?@\025 ?\315\314L?\315\314L?\315\314L?\000\000\300A\374\377\217A\001\0000B.\021\227>G\273#?k\2655?\315\314L?\315\314L?\315\314L?\000\000@B\377\377\217B\332\243\000B\225\235\312>^\007/\277:\365\034?\000\000\200?\000\000\200?\000\000\200?\000\000\300A\377\377\203B\r\327#B5a\032>\347os\277\025M\212>\000\000\200?\000\000\200?\000\000\200?\204\r\017,\377\377\217B@\nGB\324\373i\277j\031\265\276\227aK>\000\000\200?\000\000\200?\000\000\200?\000\000@B\377\377\217B\332\243\000B\225\235\312>^\007/\277:\365\034?\315\314L?\315\314L?\315\314L?\000\000\300A\377\377\203B\003\0000B\201\231@>\204\337A\277@\025 ?\315\314L?\315\314L?\315\314L?\000\000\300A\377\377\203B\r\327#B5a\032>\347os\277\025M\212>\315\314L?\315\314L?\315\314L?\000\000\300B\377\377\277A\321\314\014A\000\000\200?\000\000\000\000\000\000\000\000\315\314L?\315\314L?\315\314L?\000\000\300B=\000\3005\2433\203*(\315\023?(\315\023\277(\315\023\277\315\314L?\315\314L?\315\314L?\000\000\300B\000\000\300By3\2037(\315\023?(\315\023?(\315\023\277\315\314L?\315\314L?\315\314L?\246\023P*\377\377\277B73SB\345\251\362\276\037\243\017?[\271-?\315\314L?\315\314L?\315\314L?\000\000\220B\377\377\233B:3\323A.\021\227>G\273#\277k\2655?\315\314L?\315\314L?\315\314L?\000\000\220B\000\000\234BO\341\272A\201\231@>\204\337A\277@\025 ?\315\314L?\315\314L?\315\314L?\000\000\220B\376\377\357AK\341\272A.\021\227>G\273#?k\2655?\315\314L?\315\314L?\315\314L?\277\016\034,\373\377\277A43SB\262\005\331\276?y\037?QM(?\315\314L?\315\314L?\315\314L?=\000\30058R\020\26733SB\345\251\362\276\037\243\017\277[\271-?\315\314L?\315\314L?\315\314L?\000\000\300B\376\377\277A\317\314\214At\3779?\004\377\001?\332\371\354>\315\314L?\315\314L?\315\314L?\373\017),\374\377\277A>\nGB\245\203R\277\257M\327>\210=\304>\315\314L?\315\314L?\315\314L?Y\000@5\374\377\277A\001\0000B\000\000\200\277\000\000\000\000\000\000\000\000\315\314L?\315\314L?\315\314L?\204\r\017,\377\377\217B63SB\tE\004\277\371\225\374\276f!3?\315\314L?\315\314L?\315\314L?\204\r\017,\377\377\217B@\nGB\324\373i\277j\031\265\276\227aK>\315\314L?\315\314L?\315\314L?\204\r\017,\377\377\217B\003\0000B\000\000\200\277\000\000\000\000\000\000\000\000\315\314L?\315\314L?\315\314L?=\000\3005\240\023\320+\327/\216 (\315\023\277(\315\023\277(\315\023\277\315\314L?\315\314L?\315\314L?\000\000\000\000\000\000\300By3\2037(\315\023\277(\315\023?(\315\023\277\315\314L?\315\314L?\315\314L?\000\000\300B\000\000\300B\325\314\214AP1(?2\035\031?\326\361\352>\315\314L?\315\314L?\315\314L?\000\000\300B\000\000\220B\323\314\214A%\275\022?[\233-\277\327y\353>\315\314L?\315\314L?\315\314L?\000\000\300B\000\000\220B\317\365hA\332\305l?\301I`\276>\025\237>\315\314L?\315\314L?\315\314L?\000\000\300B\377\377\277A\307\365hA\350\tt?\251\261T>\301y`>\315\314L?\315\314L?\315\314L?\000\000\300B\000\000\220B\331\314\014A\000\000\200?\000\000\000\000\000\000\000\000\315\314L?\315\314L?\315\314L?\000\000\300A\375\377\217A\013\327#B\201\231@>\204\337A?@\025 ?\315\314L?\315\314L?\315\314L?"
IndexBuffer: "\000\001\002\003\004\005\006\007\010\t\n\013\014\007\r\016\006\017\002\020\021\021\000\002\022\001\000\021\020\023\021\023\024\025\014\026\027\026\014\030\021\024\027\014\031\006\016\r\r\007\006\032\033\034\022\000\035\013\036\t\r\033\032\032\014\r\025\007\014\022\035\017\017\001\022\002\037\023\023\020\002\037\017\006\006\010\037\001\017\037\037\002\001\033\r\016\016\034\033\023\037\010\010\026\023\031\030\024\024\027\031\007\025\026\026\010\007\032\034\036\036\013\032\032\013\031\031\014\032\034\016\017\017\035\034\000\021\030\030\n\000\000\n\t\t\035\000\027\024\023\023\026\027\035\t\036\036\034\035\031\013\n\n\030\031"
