AEONMSH
Version: 1
Center {
  x: 48.0
  y: 47.99999549048607
  z: 27.680007934570312
}
Radii {
  x: 48.0
  y: 48.00000450951393
  z: 27.680007934570312
}
VertexFlags: 67
VertexCount: 22
IndexSize: 1
IndexCount: 120
VertexBuffer: "\000\000@A\000\000\300Bz3\2037\000\000\000\000j\0035?j\0035\277\315\314L?\315\314L?\315\314L?\000\000\300A\000\000\300B\242\231\231A5]\232>\317\215g?5]\232>\315\314L?\315\314L?\315\314L?\000\000\300A\000\000\300B\252\231\031A\000\000\000\000\000\000\200?\000\000\000\000\315\314L?\315\314L?\315\314L?\000\000@Av\223\243/\355\002?,\000\000\000\000j\0035\277j\0035\277\315\314L?\315\314L?\315\314L?\000\000\300Ax\347Q\266\232\231\231A5]\232>\317\215g\2775]\232>\315\314L?\315\314L?\315\314L?\000\000@A\354P\020\26733SB5]\232\276\317\215g\2775]\232>\315\314L?\315\314L?\315\314L?\000\000\300B\000\000\300B\252\231\031Aj\0035?j\0035?\000\000\000\000\315\314L?\315\314L?\315\314L?\000\000\300B\000\000\300By3\2037(\315\023?(\315\023?(\315\023\277\315\314L?\315\314L?\315\314L?\000\000@A\377\377\277B73SB5]\232\276\317\215g?5]\232>\315\314L?\315\314L?\315\314L?\000\000@A\377\377\277B\250p]B(\315\023\277(\315\023?(\315\023?\315\314L?\315\314L?\315\314L?\000\000\300A\377\377\277B\250p]B(\315\023?(\315\023?(\315\023?\315\314L?\315\314L?\315\314L?\000\000\300AnP\027\267\244p]B(\315\023?(\315\023\277(\315\023?\315\314L?\315\314L?\315\314L?\000\000@AAP\027\267\244p]B(\315\023\277(\315\023\277(\315\023?\315\314L?\315\314L?\315\314L?\000\000\300B\000\000\000\000\000\000\000\000(\315\023?(\315\023\277(\315\023\277\315\314L?\315\314L?\315\314L?\000\000\300A\033\343\321\265\232\231\031A\000\000\000\000\000\000\200\277\000\000\000\000\315\314L?\315\314L?\315\314L?\000\000\300B\362\353\321\265\232\231\031Aj\0035?j\0035\277\000\000\000\000\315\314L?\315\314L?\315\314L?\000\000\000\000E\031\270/\232=Z,(\315\023\277(\315\023\277(\315\023\277\315\314L?\315\314L?\315\314L?\177\311\265/\000\000\300B{3\2037(\315\023\277(\315\023?(\315\023\277\315\314L?\315\314L?\315\314L?\000\000\300B\000\000\300B\242\231\231A(\315\023?(\315\023?(\315\023?\315\314L?\315\314L?\315\314L?\000\000\300B\365\353Q\266\232\231\231A(\315\023?(\315\023\277(\315\023?\315\314L?\315\314L?\315\314L?\347\005\270/\377\377\277B73SB(\315\023\277(\315\023?(\315\023?\315\314L?\315\314L?\315\314L?\314\367{-\276P\020\26733SB(\315\023\277(\315\023\277(\315\023?\315\314L?\315\314L?\315\314L?"
IndexBuffer: "\000\001\002\003\004\005\006\007\002\010\t\n\002\007\000\n\001\010\000\010\001\013\014\005\003\r\016\016\004\003\r\017\016\013\005\004\000\007\r\r\003\000\003\020\021\021\000\003\017\006\022\022\023\017\t\010\005\005\014\t\006\002\001\001\022\006\013\004\001\001\n\013\010\000\021\021\024\010\006\017\r\r\007\006\025\024\021\021\020\025\016\017\023\023\004\016\005\010\024\024\025\005\003\005\025\025\020\003\t\014\013\013\n\t\022\001\004\004\023\022"
