AEONMSH
Version: 1
Center {
  x: 1.5
  y: 0.3149999976158142
  z: -1.5
}
Radii {
  x: 1.5
  y: 0.3149999976158142
  z: 1.5
}
VertexFlags: 67
VertexCount: 31
IndexSize: 1
IndexCount: 126
VertexBuffer: "\000\000\000\000a\2556\255\244;\332\251(\315\023\277*\315\023?&\315\023?\331\330X?\324\323S?\300\277??\025\203\037-\000\000(\300\021\232\3454(\315\023\277&\315\023\277*\315\023?\331\330X?\324\323S?\300\277??\000\000\300>\000\000(\300\021\232\34545]\232\2760]\232\276\320\215g?\331\330X?\324\323S?\300\277??\000\000@?\000\000@\300\246G!\277(\315\023?*\315\023\277&\315\023\277\331\330X?\324\323S?\300\277??\000\000\300>\000\000@\300\246G!\277(\315\023\277*\315\023\277&\315\023\277\331\330X?\324\323S?\300\277??\000\000\300>\000\000(\300\247G!\2775]\232\276:]\232\276\316\215g\277\331\330X?\324\323S?\300\277??\016\371\t-\000\000\020\300\250G!\277(\315\023\277&\315\023?*\315\023\277\331\330X?\324\323S?\300\277??\016\371\t-\000\000\020\300\224\231\031\277\317\215g\2773]\232>7]\232\276\331\330X?\324\323S?\300\277??\000\000@?\000\000\020\300\224\231\031\2775]\232>0]\232>\320\215g\277\331\330X?\324\323S?\300\277??\000\000@?\000\000\020\300\250G!\277(\315\023?&\315\023?*\315\023\277\331\330X?\324\323S?\300\277??\000\000@?\000\000@\300\222\231\031\2775]\232>\320\215g\2770]\232\276\331\330X?\324\323S?\300\277??\000\000@?\000\000@\300\212\231\231\276\000\000\000\000\000\000\200\277L\357.4\331\330X?\324\323S?\300\277??\000\000\300>\000\000@\300x3\0035(\315\023\277&\315\023\277*\315\023?\331\330X?\324\323S?\300\277??\000\000@?\000\000\020\300\224\231\031\2775]\232>0]\232>\320\215g\277\323\322\322>\323\322\322>\323\322\322>\016\371\t-\000\000\020\300\224\231\031\277\317\215g\2773]\232>7]\232\276\323\322\322>\323\322\322>\323\322\322>\241\220\257*\321\361\321\263\232\231\031\277(\315\023\277&\315\023?*\315\023\277\323\322\322>\323\322\322>\323\322\322>\000\000@@\000\000@\300\222\231\031\277(\315\023?*\315\023\277&\315\023\277\323\322\322>\323\322\322>\323\322\322>\000\000@?\000\000@\300\222\231\031\2775]\232>\320\215g\2770]\232\276\323\322\322>\323\322\322>\323\322\322>\036\353\037-\000\000(\300\247G!\277(\315\023\277*\315\023\277&\315\023\277\331\330X?\324\323S?\300\277??\000\000@@\000\000@\300\212\231\231\276j\0035?j\0035\277\014c\3673\331\330X?\324\323S?\300\277??\000\000@@\000\000@\300y3\0035(\315\023?&\315\023\277*\315\023?\331\330X?\324\323S?\300\277??\366\\\t-\000\000\020\300\216\231\231\276\000\000\200\277\000\000\000\000\000\000\000\000\331\330X?\324\323S?\300\277??\000\000@@\000\000\000\000\000\000\000\000(\315\023?*\315\023?&\315\023?\331\330X?\324\323S?\300\277??(\0216*\232\367Q\263\232\231\231\276j\0035\277j\0035?\014c\367\263\331\330X?\324\323S?\300\277??\000\000@@\377\353Q\263\232\231\231\276j\0035?j\0035?\014c\367\263\331\330X?\324\323S?\300\277??\000\000@@\365\353\321\263\232\231\031\277(\315\023?&\315\023?*\315\023\277\323\322\322>\323\322\322>\323\322\322>\000\000@@\377\353Q\263\232\231\231\276j\0035?j\0035?\014c\367\263\323\322\322>\323\322\322>\323\322\322>(\0216*\232\367Q\263\232\231\231\276j\0035\277j\0035?\014c\367\263\323\322\322>\323\322\322>\323\322\322>\366\\\t-\000\000\020\300\216\231\231\276\000\000\200\277\000\000\000\000\000\000\000\000\323\322\322>\323\322\322>\323\322\322>\000\000@@\000\000@\300\212\231\231\276j\0035?j\0035\277\014c\3673\323\322\322>\323\322\322>\323\322\322>\000\000@?\000\000@\300\212\231\231\276\000\000\000\000\000\000\200\277L\357.4\323\322\322>\323\322\322>\323\322\322>"
IndexBuffer: "\000\001\002\003\004\005\006\007\010\010\t\006\004\n\013\013\014\004\r\016\017\020\021\r\001\022\005\005\002\001\023\024\013\001\025\007\007\022\001\003\n\004\013\024\014\014\024\002\t\010\n\n\003\t\002\024\026\026\000\002\002\005\004\004\014\002\006\022\007\001\000\025\000\027\025\026\030\027\027\000\026\022\006\005\t\003\005\005\006\t\026\024\023\023\030\026\031\020\r\r\017\031\032\031\017\017\033\032\034\033\017\017\016\034\021\020\035\035\036\021\035\020\031\031\032\035"
