AEONMSH
Version: 1
Center {
  x: 48.0
  y: 47.99999549035556
  z: 27.680007934570323
}
Radii {
  x: 48.0
  y: 48.00000450964444
  z: 27.680007934570302
}
VertexFlags: 67
VertexCount: 17
IndexSize: 1
IndexCount: 90
VertexBuffer: "\000\000\300B\215Q\027\267\244p]B(\315\023?(\315\023\277(\315\023?\315\314L?\315\314L?\315\314L?\000\000\300B\373\377\277A\245p]B(\315\023?(\315\023?(\315\023?\315\314L?\315\314L?\315\314L?\000\000\300A\373\377\277A\245p]B5]\232>5]\232>\317\215g?\315\314L?\315\314L?\315\314L?\235n\232-\000\000\300By3\2037(\315\023\277(\315\023?(\315\023\277\315\314L?\315\314L?\315\314L?\000\000\300A\000\000\300B\242\231\231A5]\232>\317\215g?5]\232>\315\314L?\315\314L?\315\314L?\000\000\300A\000\000\300B\252\231\031A\000\000\000\000\000\000\200?\000\000\000\000\315\314L?\315\314L?\315\314L?\000\000\300A\377\377\277B\250p]B(\315\023?(\315\023?(\315\023?\315\314L?\315\314L?\315\314L?\235n\232-\377\377\277B\250p]B(\315\023\277(\315\023?(\315\023?\315\314L?\315\314L?\315\314L?\000\000\000\000\200Q\027\267\244p]B(\315\023\277(\315\023\277(\315\023?\315\314L?\315\314L?\315\314L?\000\000\300B\000\000\300B\252\231\031Aj\0035?j\0035?\000\000\000\000\315\314L?\315\314L?\315\314L?\000\000\300B\000\000\300By3\2037(\315\023?(\315\023?(\315\023\277\315\314L?\315\314L?\315\314L?\000\000\300B\377\377\277A\236\231\031A\000\000\200?\000\000\000\000\000\000\000\000\315\314L?\315\314L?\315\314L?\000\000\300B\303\323x\2364\021\266)(\315\023?(\315\023\277(\315\023\277\315\314L?\315\314L?\315\314L?\000\000\300B\376\377\277A\234\231\231A\317\215g?5]\232>5]\232>\315\314L?\315\314L?\315\314L?\000\000\000\000>\224V-\300\025\266((\315\023\277(\315\023\277(\315\023\277\315\314L?\315\314L?\315\314L?\000\000\300B\000\000\300B\242\231\231A(\315\023?(\315\023?(\315\023?\315\314L?\315\314L?\315\314L?\000\000\300A\376\377\277A\234\231\231A(\315\023?(\315\023?(\315\023?\315\314L?\315\314L?\315\314L?"
IndexBuffer: "\000\001\002\003\004\005\002\006\007\010\000\002\002\007\010\t\n\005\005\n\003\n\t\013\014\n\013\013\r\014\016\003\n\n\014\016\007\006\004\004\003\007\003\016\010\010\007\003\005\004\017\017\t\005\004\006\002\002\020\004\014\000\010\010\016\014\020\r\017\017\004\020\r\001\000\000\014\r\013\t\017\017\r\013\002\001\r\r\020\002"
