AEONMSH
Version: 1
Center {
  x: 48.0
  y: 47.9999984359614
  z: 9.600008010864268
}
Radii {
  x: 48.0
  y: 48.0000015640386
  z: 9.600008010864247
}
VertexFlags: 67
VertexCount: 12
IndexSize: 1
IndexCount: 66
VertexBuffer: "\216\220\257-\000\000\300B\252\231\031AU\251*\277U\251*?U\251\252\276\315\314L?\315\314L?\315\314L?\000\000\300B\000\000\300B\252\231\031AU\251*?U\251*?U\251\252\276\315\314L?\315\314L?\315\314L?\000\000\300B\000\000\300By3\2037(\315\023?(\315\023?(\315\023\277\315\314L?\315\314L?\315\314L?\216\220\257-\000\000\300By3\2037(\315\023\277(\315\023?(\315\023\277\315\314L?\315\314L?\315\314L?\000\000\300B\365\353\321\265\232\231\031AU\251*?U\251*\277U\251\252\276\315\314L?\315\314L?\315\314L?\000\000\300B\324\365\037\236\030\026j)(\315\023?(\315\023\277(\315\023\277\315\314L?\315\314L?\315\314L?\000\000\000\000\220\353\321\265\232\231\031AU\251*\277U\251*\277U\251\252\276\315\314L?\315\314L?\315\314L?\000\000\000\000\n\223I-y\025\266((\315\023\277(\315\023\277(\315\023\277\315\314L?\315\314L?\315\314L?\000\000\300B\365\353Q\266\232\231\231A(\315\023?(\315\023\277(\315\023?\315\314L?\315\314L?\315\314L?\000\000\000\000\303\353Q\266\232\231\231A(\315\023\277(\315\023\277(\315\023?\315\314L?\315\314L?\315\314L?\000\000\300B\000\000\300B\242\231\231A(\315\023?(\315\023?(\315\023?\315\314L?\315\314L?\315\314L?\216\220\257-\000\000\300B\242\231\231A(\315\023\277(\315\023?(\315\023?\315\314L?\315\314L?\315\314L?"
IndexBuffer: "\000\001\002\002\003\000\004\005\002\002\001\004\004\006\007\007\005\004\005\007\003\003\002\005\004\006\000\000\001\004\006\004\010\010\t\006\010\n\013\013\t\010\010\004\001\001\n\010\006\000\003\003\007\006\000\006\t\t\013\000\000\013\n\n\001\000"
