AEONMSH
Version: 1
Center {
  x: 48.0
  y: 47.9999984359614
  z: 27.680007934570312
}
Radii {
  x: 48.0
  y: 48.0000015640386
  z: 27.680007934570312
}
VertexFlags: 67
VertexCount: 27
IndexSize: 1
IndexCount: 150
VertexBuffer: "\000\000@A\000\000\300Bz3\2037\000\000\000\000j\0035?j\0035\277\315\314L?\315\314L?\315\314L?\000\000\300A\000\000\300B\242\231\231A5]\232>\317\215g?5]\232>\315\314L?\315\314L?\315\314L?\000\000\300A\000\000\300B\252\231\031A\000\000\000\000\000\000\200?\000\000\000\000\315\314L?\315\314L?\315\314L?\000\000\300B\000\000\000\000\000\000\000\000(\315\023?(\315\023\277(\315\023\277\315\314L?\315\314L?\315\314L?\021v\237/\000\000\250B\027\232e7j\0035\277\000\000\000\000j\0035\277\315\314L?\315\314L?\315\314L?\n\305\211/\000\000\220B\240\231\231A\317\215g\2775]\232\2765]\232>\315\314L?\315\314L?\315\314L?\036\022\240/\377\377\247B73SB\317\215g\2775]\232>5]\232>\315\314L?\315\314L?\315\314L?\000\000\300A\377\377\277B\250p]B(\315\023?(\315\023?(\315\023?\315\314L?\315\314L?\315\314L?\000\000@A\377\377\277B\250p]B(\315\023\277(\315\023?(\315\023?\315\314L?\315\314L?\315\314L?\000\000@A\377\377\247B\250p]B5]\232\2765]\232>\317\215g?\315\314L?\315\314L?\315\314L?\000\000\300A\000\000\220B\240\231\231A5]\232>5]\232\276\317\215g?\315\314L?\315\314L?\315\314L?\031q4-\024\346Q\266\232\231\231A(\315\023\277(\315\023\277(\315\023?\315\314L?\315\314L?\315\314L?\000\000\300B\000\000\300B\242\231\231A(\315\023?(\315\023?(\315\023?\315\314L?\315\314L?\315\314L?\000\000\300B\000\000\300B\252\231\031Aj\0035?j\0035?\000\000\000\000\315\314L?\315\314L?\315\314L?\000\000\300B\000\000\300By3\2037(\315\023?(\315\023?(\315\023\277\315\314L?\315\314L?\315\314L?\000\000@A\377\377\277B73SB5]\232\276\317\215g?5]\232>\315\314L?\315\314L?\315\314L?\000\000\000\0004I\267/\227qZ,(\315\023\277(\315\023\277(\315\023\277\315\314L?\315\314L?\315\314L?_\352\265/\000\000\300B{3\2037(\315\023\277(\315\023?(\315\023\277\315\314L?\315\314L?\315\314L?\n\354\211/\377\377\217B\247p]B(\315\023\277(\315\023\277(\315\023?\315\314L?\315\314L?\315\314L?\036\353\237/\377\377\247B\250p]B(\315\023\277(\315\023?(\315\023?\315\314L?\315\314L?\315\314L?\376O\211/\000\000\220B\246\231\031A\000\000\200\277\000\000\000\000\000\000\000\000\315\314L?\315\314L?\315\314L?\241\220\257,F\340\321\265\232\231\031Aj\0035\277j\0035\277\000\000\000\000\315\314L?\315\314L?\315\314L?\000\000\300A\377\377\217B\247p]B(\315\023?(\315\023\277(\315\023?\315\314L?\315\314L?\315\314L?\000\000\300B\353\353\321\265\232\231\031Aj\0035?j\0035\277\000\000\000\000\315\314L?\315\314L?\315\314L?\000\000\300B\365\353Q\266\232\231\231A(\315\023?(\315\023\277(\315\023?\315\314L?\315\314L?\315\314L?\000\000@A\377\377\247B73SB(\315\023\277(\315\023?(\315\023?\315\314L?\315\314L?\315\314L?I8\266/\377\377\277B73SB(\315\023\277(\315\023?(\315\023?\315\314L?\315\314L?\315\314L?"
IndexBuffer: "\000\001\002\003\004\000\004\005\006\007\010\t\n\005\013\014\001\n\r\016\002\017\010\007\002\016\000\007\001\017\000\017\001\000\016\003\003\020\004\004\021\000\022\023\006\004\020\024\020\025\024\022\006\005\004\024\005\023\022\t\026\007\t\t\022\026\025\027\030\030\013\025\r\027\003\003\016\r\006\031\017\017\032\006\032\021\004\004\006\032\001\007\026\026\n\001\002\001\014\014\r\002\017\000\021\021\032\017\025\020\003\003\027\025\n\026\022\022\005\n\n\013\030\030\014\n\024\025\013\013\005\024\t\031\006\006\023\t\027\r\014\014\030\027\010\017\031\031\t\010"
