AEONMSH
Version: 1
Center {
  x: 1.5
  y: 0.824999988079071
  z: -1.5
}
Radii {
  x: 1.5
  y: 0.824999988079071
  z: 1.5
}
VertexFlags: 67
VertexCount: 8
IndexSize: 1
IndexCount: 36
VertexBuffer: "\000\000@@\000\000@\300y3\0035(\315\023?&\315\023\277*\315\023?\331\330X?\324\323S?\300\277??\000\000@@\240\023P\251\327/\016\036(\315\023?*\315\023?&\315\023?\331\330X?\324\323S?\300\277??\240\023P)\000\000\000\000\000\000\000\000(\315\023\277*\315\023?&\315\023?\331\330X?\324\323S?\300\277??\000\000\000\000\000\000@\300y3\0035(\315\023\277&\315\023\277*\315\023?\331\330X?\324\323S?\300\277??\000\000@@:R\220\26433\323\277(\315\023?&\315\023?*\315\023\277\331\330X?\324\323S?\300\277??\240\023P)8R\220\26433\323\277(\315\023\277&\315\023?*\315\023\277\331\330X?\324\323S?\300\277??\000\000@@\001\000@\300/3\323\277(\315\023?*\315\023\277&\315\023\277\331\330X?\324\323S?\300\277??\000\000\000\000\001\000@\300/3\323\277(\315\023\277*\315\023\277&\315\023\277\331\330X?\324\323S?\300\277??"
IndexBuffer: "\000\001\002\002\003\000\004\005\002\002\001\004\004\001\000\000\006\004\007\006\000\000\003\007\006\007\005\005\004\006\007\003\002\002\005\007"
