AEONMSH
Version: 1
Center {
  x: 1.5
  y: 0.8650000095367432
  z: -1.5
}
Radii {
  x: 1.5
  y: 0.8650000095367432
  z: 1.5
}
VertexFlags: 67
VertexCount: 22
IndexSize: 1
IndexCount: 84
VertexBuffer: "\000\000@?\000\000@\300\212\231\231\276\000\000\000\000\000\000\200\277L\357.4\331\330X?\324\323S?\300\277??\000\000@@\000\000@\300y3\0035(\315\023?&\315\023\277*\315\023?\331\330X?\324\323S?\300\277??1\3035-\000\000@\300w3\0035(\315\023\277&\315\023\277*\315\023?\331\330X?\324\323S?\300\277??\000\000@?r\360\321\263\232\231\031\2775]\232>\316\215g?:]\232\276\331\330X?\324\323S?\300\277??\000\000@?\000\000@\300\222\231\031\2775]\232>\320\215g\2770]\232\276\331\330X?\324\323S?\300\277??\000\000@?\000\000@\300\246G!\2772\035\031?Q1(\277\322\361\352\276\331\330X?\324\323S?\300\277??\000\000@?\254R\227\264\244p\335\277\037\243\017?\341\251\362>\\\271-\277\331\330X?\324\323S?\300\277??\000\000@@\000\000\000\000\000\000\000\000(\315\023?*\315\023?&\315\023?\331\330X?\324\323S?\300\277??\000\000@@\365\353Q\263\232\231\231\276j\0035?j\0035?\014c\367\263\331\330X?\324\323S?\300\277??\000\000@?\311\364Q\263\232\231\231\276\000\000\000\000\000\000\200?L\357.\264\331\330X?\324\323S?\300\277??\000\000\000\000z\3457\255\260\243\332\251(\315\023\277*\315\023?&\315\023?\331\330X?\324\323S?\300\277??(\021\266*\007S\227\264\244p\335\277\037\243\017\277\341\251\362>\\\271-\277\331\330X?\324\323S?\300\277??1\3035-\000\000@\300\246G!\2772\035\031\277Q1(\277\322\361\352\276\331\330X?\324\323S?\300\277??\000\000@@\000\000@\300\212\231\231\276j\0035?j\0035\277\014c\3673\331\330X?\324\323S?\300\277??\000\000@@\365\353Q\263\232\231\231\276j\0035?j\0035?\014c\367\263\323\322\322>\323\322\322>\323\322\322>\000\000@@\365\353\321\263\232\231\031\277(\315\023?&\315\023?*\315\023\277\323\322\322>\323\322\322>\323\322\322>\000\000@?r\360\321\263\232\231\031\2775]\232>\316\215g?:]\232\276\323\322\322>\323\322\322>\323\322\322>\000\000@?\311\364Q\263\232\231\231\276\000\000\000\000\000\000\200?L\357.\264\323\322\322>\323\322\322>\323\322\322>\000\000@@\000\000@\300\212\231\231\276j\0035?j\0035\277\014c\3673\323\322\322>\323\322\322>\323\322\322>\000\000@@\000\000@\300\222\231\031\277(\315\023?*\315\023\277&\315\023\277\323\322\322>\323\322\322>\323\322\322>\000\000@?\000\000@\300\222\231\031\2775]\232>\320\215g\2770]\232\276\323\322\322>\323\322\322>\323\322\322>\000\000@?\000\000@\300\212\231\231\276\000\000\000\000\000\000\200\277L\357.4\323\322\322>\323\322\322>\323\322\322>"
IndexBuffer: "\000\001\002\003\004\005\005\006\003\007\010\t\n\007\t\t\003\n\002\001\007\007\n\002\013\n\003\003\006\013\005\004\014\r\001\000\014\004\000\000\002\014\007\001\r\r\010\007\005\014\013\013\006\005\014\002\n\n\013\014\016\017\020\020\021\016\022\023\017\017\016\022\024\020\017\017\023\024\025\024\023\023\022\025"
