AEONMSH
Version: 1
Center {
  x: 1.5
  y: 0.8650000095367432
  z: -1.5
}
Radii {
  x: 1.5
  y: 0.8650000095367432
  z: 1.5
}
VertexFlags: 67
VertexCount: 23
IndexSize: 1
IndexCount: 90
VertexBuffer: "\000\000@@\215Q\227\264\244p\335\277(\315\023?&\315\023?*\315\023\277\331\330X?\324\323S?\300\277??\000\000@@\005\000@\277\243p\335\277(\315\023?*\315\023\277&\315\023\277\331\330X?\324\323S?\300\277??\000\000@?\005\000@\277\243p\335\2775]\232>:]\232\276\316\215g\277\331\330X?\324\323S?\300\277??\235n\032+\000\000@\300y3\0035(\315\023\277&\315\023\277*\315\023?\331\330X?\324\323S?\300\277??\000\000@?\000\000@\300\222\231\031\2775]\232>\320\215g\2770]\232\276\331\330X?\324\323S?\300\277??\000\000@?\000\000@\300\212\231\231\276\000\000\000\000\000\000\200\277L\357.4\331\330X?\324\323S?\300\277??\000\000@?\001\000@\300\240p\335\277(\315\023?*\315\023\277&\315\023\277\331\330X?\324\323S?\300\277??\235n\032+\001\000@\300\240p\335\277(\315\023\277*\315\023\277&\315\023\277\331\330X?\324\323S?\300\277??\000\000\000\000\232Q\227\264\244p\335\277(\315\023\277&\315\023?*\315\023\277\331\330X?\324\323S?\300\277??\000\000@@\000\000@\300\212\231\231\276j\0035?j\0035\277\014c\3673\331\330X?\324\323S?\300\277??\000\000@@\000\000@\300y3\0035(\315\023?&\315\023\277*\315\023?\331\330X?\324\323S?\300\277??\000\000@@\303\323\370\2334\0216\247(\315\023?*\315\023?&\315\023?\331\330X?\324\323S?\300\277??\000\000@@\002\000@\277\230\231\031\277\317\215g?7]\232\2763]\232\276\331\330X?\324\323S?\300\277??\000\000@?\002\000@\277\230\231\031\277(\315\023?*\315\023\277&\315\023\277\331\330X?\324\323S?\300\277??\000\000@@\001\000@\277\226\231\231\276\000\000\200?\000\000\000\000\000\000\000\000\331\330X?\324\323S?\300\277??\000\000\000\000>\224\326\252\226\0146\246(\315\023\277*\315\023?&\315\023?\331\330X?\324\323S?\300\277??\000\000@?\000\000@\300\212\231\231\276\000\000\000\000\000\000\200\277L\357.4\323\322\322>\323\322\322>\323\322\322>\000\000@?\000\000@\300\222\231\031\2775]\232>\320\215g\2770]\232\276\323\322\322>\323\322\322>\323\322\322>\000\000@@\000\000@\300\222\231\031\277(\315\023?*\315\023\277&\315\023\277\323\322\322>\323\322\322>\323\322\322>\000\000@@\000\000@\300\212\231\231\276j\0035?j\0035\277\014c\3673\323\322\322>\323\322\322>\323\322\322>\000\000@@\002\000@\277\230\231\031\277\317\215g?7]\232\2763]\232\276\323\322\322>\323\322\322>\323\322\322>\000\000@@\001\000@\277\226\231\231\276\000\000\200?\000\000\000\000\000\000\000\000\323\322\322>\323\322\322>\323\322\322>\000\000@?\002\000@\277\230\231\031\277(\315\023?*\315\023\277&\315\023\277\323\322\322>\323\322\322>\323\322\322>"
IndexBuffer: "\000\001\002\003\004\005\002\006\007\010\000\002\002\007\010\t\n\005\000\013\014\014\001\000\005\n\003\001\014\r\r\002\001\n\t\016\013\n\016\016\014\013\017\010\007\007\003\017\000\010\017\017\013\000\006\002\r\r\004\006\006\004\003\003\007\006\003\n\013\013\017\003\020\021\022\022\023\020\023\022\024\024\025\023\026\024\022\022\021\026"
