AEONMSH
Version: 1
Center {
  x: 42.0
  y: 41.99999549035556
  z: 27.680007934570323
}
Radii {
  x: 42.0
  y: 42.00000450964444
  z: 27.680007934570302
}
VertexFlags: 67
VertexCount: 17
IndexSize: 1
IndexCount: 90
VertexBuffer: "\000\000\250B\215Q\027\267\244p]B(\315\023?(\315\023\277(\315\023?\315\314L?\315\314L?\315\314L?\000\000\250B\260GU\236\253\016\234)(\315\023?(\315\023\277(\315\023\277\315\314L?\315\314L?\315\314L?\000\000\250B\375\377?A\233\231\231A\317\215g?5]\232>5]\232>\315\314L?\315\314L?\315\314L?\000\000\250B\367\377?A\245p]B(\315\023?(\315\023?(\315\023?\315\314L?\315\314L?\315\314L?\000\000@A\367\377?A\245p]B5]\232>5]\232>\317\215g?\315\314L?\315\314L?\315\314L?%\216\225-\000\000\250B\024\232e7(\315\023\277(\315\023?(\315\023\277\315\314L?\315\314L?\315\314L?\000\000@A\000\000\250B\241\231\231A5]\232>\317\215g?5]\232>\315\314L?\315\314L?\315\314L?\000\000@A\000\000\250B\250\231\031A\000\000\000\000\000\000\200?\000\000\000\000\315\314L?\315\314L?\315\314L?\000\000\250B\000\000\250B\024\232e7(\315\023?(\315\023?(\315\023\277\315\314L?\315\314L?\315\314L?\000\000\250B\376\377?A\234\231\031A\000\000\200?\000\000\000\000\000\000\000\000\315\314L?\315\314L?\315\314L?\000\000\250B\000\000\250B\250\231\031Aj\0035?j\0035?\000\000\000\000\315\314L?\315\314L?\315\314L?\000\000@A\377\377\247B\250p]B(\315\023?(\315\023?(\315\023?\315\314L?\315\314L?\315\314L?%\216\225-\377\377\247B\250p]B(\315\023\277(\315\023?(\315\023?\315\314L?\315\314L?\315\314L?\000\000\000\000zQ\027\267\244p]B(\315\023\277(\315\023\277(\315\023?\315\314L?\315\314L?\315\314L?\000\000\250B\000\000\250B\241\231\231A(\315\023?(\315\023?(\315\023?\315\314L?\315\314L?\315\314L?\000\000@A\375\377?A\233\231\231A(\315\023?(\315\023?(\315\023?\315\314L?\315\314L?\315\314L?\000\000\000\000%\216\225-\004\032\320((\315\023\277(\315\023\277(\315\023\277\315\314L?\315\314L?\315\314L?"
IndexBuffer: "\000\001\002\000\003\004\005\006\007\002\003\000\001\010\t\t\002\001\010\n\t\004\013\014\r\000\004\004\014\r\n\010\007\005\014\006\014\013\006\007\010\005\t\n\016\016\002\t\007\006\016\016\n\007\017\002\016\016\006\017\020\005\010\010\001\020\004\017\006\006\013\004\005\020\r\r\014\005\004\003\002\002\017\004\020\001\000\000\r\020"
