AEONMSH
Version: 1
Center {
  x: 1.5
  y: 0.3149999976158142
  z: -1.5
}
Radii {
  x: 1.5
  y: 0.3149999976158142
  z: 1.5
}
VertexFlags: 67
VertexCount: 27
IndexSize: 1
IndexCount: 102
VertexBuffer: "\000\000@?\000\000\020\300\224\231\031\2775]\232>0]\232>\320\215g\277\323\322\322>\323\322\322>\323\322\322>\n\305\t-\000\000\020\300\224\231\031\277\317\215g\2773]\232>7]\232\276\323\322\322>\323\322\322>\323\322\322>\031q\264*\333\361\321\263\232\231\031\277(\315\023\277&\315\023?*\315\023\277\323\322\322>\323\322\322>\323\322\322>\000\000@@\000\000@\300\222\231\031\277(\315\023?*\315\023\277&\315\023\277\323\322\322>\323\322\322>\323\322\322>\000\000@?\000\000@\300\222\231\031\2775]\232>\320\215g\2770]\232\276\323\322\322>\323\322\322>\323\322\322>\000\000@@\000\000\000\000\000\000\000\000(\315\023?*\315\023?&\315\023?\331\330X?\324\323S?\300\277??\000\000@@\377\353Q\263\232\231\231\276j\0035?j\0035?\014c\367\263\331\330X?\324\323S?\300\277??\241\220/*\256\367Q\263\232\231\231\276j\0035\277j\0035?\014c\367\263\331\330X?\324\323S?\300\277??\000\000\000\000z\3457\255\242o\332\251(\315\023\277*\315\023?&\315\023?\331\330X?\324\323S?\300\277??\000\000@?\000\000@\300\246G!\277(\315\023?*\315\023\277&\315\023\277\331\330X?\324\323S?\300\277??\000\000@?\000\000@\300\222\231\031\2775]\232>\320\215g\2770]\232\276\331\330X?\324\323S?\300\277??_\3525-\000\000@\300\246G!\277(\315\023\277*\315\023\277&\315\023\277\331\330X?\324\323S?\300\277??\000\000@?\000\000@\300\212\231\231\276\000\000\000\000\000\000\200\277L\357.4\331\330X?\324\323S?\300\277??\000\000@@\000\000@\300\212\231\231\276j\0035?j\0035\277\014c\3673\331\330X?\324\323S?\300\277??\000\000@@\000\000@\300y3\0035(\315\023?&\315\023\277*\315\023?\331\330X?\324\323S?\300\277??_\3525-\000\000@\300w3\0035(\315\023\277&\315\023\277*\315\023?\331\330X?\324\323S?\300\277??\376O\t-\000\000\020\300\216\231\231\276\000\000\200\277\000\000\000\000\000\000\000\000\331\330X?\324\323S?\300\277??\n\305\t-\000\000\020\300\224\231\031\277\317\215g\2773]\232>7]\232\276\331\330X?\324\323S?\300\277??\n\305\t-\000\000\020\300\250G!\277(\315\023\277&\315\023?*\315\023\277\331\330X?\324\323S?\300\277??\000\000@?\000\000\020\300\250G!\277(\315\023?&\315\023?*\315\023\277\331\330X?\324\323S?\300\277??\000\000@?\000\000\020\300\224\231\031\2775]\232>0]\232>\320\215g\277\331\330X?\324\323S?\300\277??\000\000@@\365\353\321\263\232\231\031\277(\315\023?&\315\023?*\315\023\277\323\322\322>\323\322\322>\323\322\322>\376O\t-\000\000\020\300\216\231\231\276\000\000\200\277\000\000\000\000\000\000\000\000\323\322\322>\323\322\322>\323\322\322>\241\220/*\256\367Q\263\232\231\231\276j\0035\277j\0035?\014c\367\263\323\322\322>\323\322\322>\323\322\322>\000\000@@\000\000@\300\212\231\231\276j\0035?j\0035\277\014c\3673\323\322\322>\323\322\322>\323\322\322>\000\000@@\377\353Q\263\232\231\231\276j\0035?j\0035?\014c\367\263\323\322\322>\323\322\322>\323\322\322>\000\000@?\000\000@\300\212\231\231\276\000\000\000\000\000\000\200\277L\357.4\323\322\322>\323\322\322>\323\322\322>"
IndexBuffer: "\000\001\002\003\004\000\005\006\007\007\010\005\t\n\013\014\r\016\017\020\021\021\013\017\014\016\017\t\013\022\022\023\t\023\024\n\n\t\023\017\016\005\005\010\017\022\013\021\017\010\020\010\007\020\013\n\014\014\017\013\005\016\r\r\006\005\022\021\024\024\023\022\025\003\000\000\002\025\026\027\002\002\001\026\030\003\025\025\031\030\004\003\030\030\032\004\031\025\002\002\027\031"
