AEONMSH
Version: 1
Center {
  x: 48.0
  y: 47.99999835775952
  z: 10.080007553100586
}
Radii {
  x: 48.0
  y: 48.00000164224048
  z: 10.080007553100586
}
VertexFlags: 67
VertexCount: 24
IndexSize: 1
IndexCount: 132
VertexBuffer: "\000\000@B\000\000\300B\266G\241AoQ\267\275t%:?\\;.?\315\314L?\315\314L?\315\314L?\261\016\234+\000\000\220B\264G\241A(\315\023\277(\315\023\277(\315\023?\315\314L?\315\314L?\315\314L?\000\000\300B\000\000\220B\264G\241A(\315\023?(\315\023\277(\315\023?\315\314L?\315\314L?\315\314L?\000\000@B\364j\\\266\256G\241AoQ\267\275t%:\277\\;.?\315\314L?\315\314L?\315\314L?\000\000\300B\355j\\\266\256G\241A(\315\023?(\315\023\277(\315\023?\315\314L?\315\314L?\315\314L?\000\000\300B\376\377\277A\260G\241A(\315\023?(\315\023?(\315\023?\315\314L?\315\314L?\315\314L?\000\000\000\000\000\000\250B\024\232e7E\267\"\277\374\025\376>/a\027\277\315\314L?\315\314L?\315\314L?\276\023\320*\000\000@Ay3\0036E\267\"\277\374\025\376\276/a\027\277\315\314L?\315\314L?\315\314L?\276\023P+\000\000\220B\246\231\031A\000\000\200\277\000\000\000\000\000\000\000\000\315\314L?\315\314L?\315\314L?\000\000\300B\240\023\320+\327/\216 (\315\023?(\315\023\277(\315\023\277\315\314L?\315\314L?\315\314L?\000\000\300B\000\000\300By3\2037(\315\023?(\315\023?(\315\023\277\315\314L?\315\314L?\315\314L?\000\000\300B\377\377\277A\236\231\031A\000\000\200?\000\000\000\000\000\000\000\000\315\314L?\315\314L?\315\314L?\000\000\300B\000\000\300B\266G\241A(\315\023?(\315\023?(\315\023?\315\314L?\315\314L?\315\314L?\000\000\000\000\000\000\250B\265G\241AE\267\"\277\374\025\376>/a\027?\315\314L?\315\314L?\315\314L?\030\026\352+\376\377\277A\260G\241A(\315\023\277(\315\023?(\315\023?\315\314L?\315\314L?\315\314L?\276\023\320*\375\377?A\257G\241AE\267\"\277\374\025\376\276/a\027?\315\314L?\315\314L?\315\314L?\030\026\352+\376\377\277A\234\231\231A\317\215g\2775]\232>5]\232>\315\314L?\315\314L?\315\314L?\261\016\234+\000\000\220B\240\231\231A\317\215g\2775]\232\2765]\232>\315\314L?\315\314L?\315\314L?\030\026\352+\377\377\277A\236\231\031A\000\000\200\277\000\000\000\000\000\000\000\000\315\314L?\315\314L?\315\314L?\000\000\300B\376\377\277A\234\231\231A\317\215g?5]\232>5]\232>\315\314L?\315\314L?\315\314L?\000\000\300B\000\000\220B\240\231\231A\317\215g?5]\232\2765]\232>\315\314L?\315\314L?\315\314L?\000\000\300B\000\000\220B\246\231\031A\000\000\200?\000\000\000\000\000\000\000\000\315\314L?\315\314L?\315\314L?\000\000@B\000\000\300By3\2037oQ\267\275t%:?\\;.\277\315\314L?\315\314L?\315\314L?\000\000@B\321\273\261\235G\014\002)oQ\267\275t%:\277\\;.\277\315\314L?\315\314L?\315\314L?"
IndexBuffer: "\000\001\002\003\004\005\006\007\010\t\n\013\002\014\000\000\r\001\005\016\003\017\003\016\017\016\020\001\r\021\007\022\010\005\004\023\002\024\014\025\013\n\007\006\026\026\027\007\016\005\023\023\020\016\007\027\003\003\017\007\022\007\017\017\020\022\020\023\024\024\021\020\013\023\004\004\t\013\t\027\026\026\n\t\025\024\023\023\013\025\000\014\n\n\026\000\025\n\014\014\024\025\010\021\r\r\006\010\002\001\021\021\024\002\026\006\r\r\000\026\022\020\021\021\010\022\t\004\003\003\027\t"
