AEONMSH
Version: 1
Center {
  x: 1.5
  y: 0.3149999976158142
  z: -1.5
}
Radii {
  x: 1.5
  y: 0.3149999976158142
  z: 1.5
}
VertexFlags: 67
VertexCount: 28
IndexSize: 1
IndexCount: 96
VertexBuffer: "\000\000@@\000\000\000\000\000\000\000\000(\315\023?*\315\023?&\315\023?\331\330X?\324\323S?\300\277??\000\000@@\000\000@\300y3\0035(\315\023?&\315\023\277*\315\023?\331\330X?\324\323S?\300\277??\000\000@@\000\000\220\277\224\231\231\276\000\000\200?\000\000\000\000\000\000\000\000\331\330X?\324\323S?\300\277??\t2\276*\000\000@\300\246G!\277(\315\023\277*\315\023\277&\315\023\277\331\330X?\324\323S?\300\277??\000\000\220?\001\000\220\277\253G!\2775]\232\276:]\232\276\316\215g\277\331\330X?\324\323S?\300\277??\000\000\220?\001\000\360\277\251G!\2775]\232\2760]\232>\320\215g\277\331\330X?\324\323S?\300\277??\000\000@@\364j\334\263\256G!\277(\315\023?&\315\023?*\315\023\277\331\330X?\324\323S?\300\277??\000\000\000\000#k\334\263\256G!\277(\315\023\277&\315\023?*\315\023\277\331\330X?\324\323S?\300\277??\000\000\000\000\325\221\274\252c\333\200\037(\315\023\277*\315\023?&\315\023?\331\330X?\324\323S?\300\277??\t2\276*\000\000@\300y3\0035(\315\023\277&\315\023\277*\315\023?\331\330X?\324\323S?\300\277??\000\000@@\000\000@\300\246G!\277(\315\023?*\315\023\277&\315\023\277\331\330X?\324\323S?\300\277??\000\000@@\001\000\360\277\251G!\277(\315\023?&\315\023?*\315\023\277\331\330X?\324\323S?\300\277??\000\000@@\001\000\360\277\225\231\031\277\317\215g?3]\232>7]\232\276\331\330X?\324\323S?\300\277??\000\000@@\001\000\220\277\253G!\277(\315\023?*\315\023\277&\315\023\277\331\330X?\324\323S?\300\277??\000\000@@\001\000\220\277\227\231\031\277\317\215g?7]\232\2763]\232\276\331\330X?\324\323S?\300\277??\000\000@@\000\000\360\277\220\231\231\276\000\000\200?\000\000\000\000\000\000\000\000\331\330X?\324\323S?\300\277??\000\000\220?\001\000\360\277\225\231\031\277(\315\023\277&\315\023?*\315\023\277\331\330X?\324\323S?\300\277??\000\000\220?\001\000\220\277\227\231\031\277(\315\023\277*\315\023\277&\315\023\277\331\330X?\324\323S?\300\277??\000\000\220?\001\000\220\277\227\231\031\277(\315\023\277*\315\023\277&\315\023\277\000\000\200?\000\000\200?\000\000\200?\000\000\220?\001\000\220\277\253G!\2775]\232\276:]\232\276\316\215g\277\000\000\200?\000\000\200?\000\000\200?\000\000\220?\001\000\360\277\251G!\2775]\232\2760]\232>\320\215g\277\000\000\200?\000\000\200?\000\000\200?\000\000\220?\001\000\360\277\225\231\031\277(\315\023\277&\315\023?*\315\023\277\000\000\200?\000\000\200?\000\000\200?\000\000@@\000\000\220\277\224\231\231\276\000\000\200?\000\000\000\000\000\000\000\000\323\322\322>\323\322\322>\323\322\322>\000\000@@\000\000\360\277\220\231\231\276\000\000\200?\000\000\000\000\000\000\000\000\323\322\322>\323\322\322>\323\322\322>\000\000@@\001\000\360\277\225\231\031\277\317\215g?3]\232>7]\232\276\323\322\322>\323\322\322>\323\322\322>\000\000@@\001\000\220\277\227\231\031\277\317\215g?7]\232\2763]\232\276\323\322\322>\323\322\322>\323\322\322>\000\000\220?\001\000\360\277\225\231\031\277(\315\023\277&\315\023?*\315\023\277\323\322\322>\323\322\322>\323\322\322>\000\000\220?\001\000\220\277\227\231\031\277(\315\023\277*\315\023\277&\315\023\277\323\322\322>\323\322\322>\323\322\322>"
IndexBuffer: "\000\001\002\003\004\005\006\007\010\010\000\006\010\t\001\001\000\010\003\n\001\001\t\003\013\014\n\r\006\016\n\014\017\017\001\n\001\017\002\007\006\004\006\r\004\013\n\005\007\004\003\005\n\003\014\013\005\005\020\014\006\000\002\002\016\006\r\016\021\021\004\r\t\010\007\007\003\t\022\023\024\024\025\022\026\027\030\030\031\026\032\033\031\031\030\032"
