AEONMSH
Version: 1
Center {
  x: 48.0
  y: 47.9999984359614
  z: 10.080007553100586
}
Radii {
  x: 48.0
  y: 48.0000015640386
  z: 10.080007553100586
}
VertexFlags: 131
VertexCount: 23
IndexSize: 1
IndexCount: 126
VertexBuffer: "\000\000\000\000a\255\266/\230=Z,(\315\023\277(\315\023\277(\315\023\277\315\314L?\315\314L?\315\314L?\025\203\237/\000\000\250B\027\232e7(\315\023\277(\315\023?(\315\023\277\315\314L?\315\314L?\315\314L?\000\000@A\000\000\250B\027\232e75]\232\2765]\232>\317\215g\277\315\314L?\315\314L?\315\314L?\000\000\300A\000\000\300B\266G\241A(\315\023?(\315\023?(\315\023?\315\314L?\315\314L?\315\314L?\000\000@A\000\000\300B\266G\241A(\315\023\277(\315\023?(\315\023?\315\314L?\315\314L?\315\314L?\000\000@A\000\000\250B\265G\241A5]\232\2765]\232>\317\215g?\315\314L?\315\314L?\315\314L?\000\000\300A\000\000\220B\240\231\231A5]\232>5]\232\276\317\215g?\315\314L?\315\314L?\315\314L?\016\371\211/\000\000\220B\240\231\231A\317\215g\2775]\232\2765]\232>\315\314L?\315\314L?\315\314L?\241\220/-\031\346Q\266\232\231\231A(\315\023\277(\315\023\277(\315\023?\315\314L?\315\314L?\315\314L?\000\000\300B\000\000\300B\242\231\231A(\315\023?(\315\023?(\315\023?\315\314L?\315\314L?\315\314L?\000\000\300A\000\000\300B\242\231\231A5]\232>\317\215g?5]\232>\315\314L?\315\314L?\315\314L?\000\000\300B\000\000\300B\252\231\031Aj\0035?j\0035?\000\000\000\000\315\314L?\315\314L?\315\314L?\000\000\300B\000\000\300By3\2037(\315\023?(\315\023?(\315\023\277\315\314L?\315\314L?\315\314L?\000\000\300A\000\000\300B\252\231\031A\000\000\000\000\000\000\200?\000\000\000\000\315\314L?\315\314L?\315\314L?\000\000@A\000\000\300Bz3\2037(\315\023\277(\315\023?(\315\023\277\315\314L?\315\314L?\315\314L?\016\371\211/\000\000\220B\264G\241A(\315\023\277(\315\023\277(\315\023?\315\314L?\315\314L?\315\314L?\036\353\237/\000\000\250B\265G\241A(\315\023\277(\315\023?(\315\023?\315\314L?\315\314L?\315\314L?\366\\\211/\000\000\220B\246\231\031A\000\000\200\277\000\000\000\000\000\000\000\000\315\314L?\315\314L?\315\314L?(\021\266,P\340\321\265\232\231\031Aj\0035\277j\0035\277\000\000\000\000\315\314L?\315\314L?\315\314L?\000\000\300A\000\000\220B\264G\241A(\315\023?(\315\023\277(\315\023?\315\314L?\315\314L?\315\314L?\000\000\300B\000\000\000\000\000\000\000\000(\315\023?(\315\023\277(\315\023\277\315\314L?\315\314L?\315\314L?\000\000\300B\353\353\321\265\232\231\031Aj\0035?j\0035\277\000\000\000\000\315\314L?\315\314L?\315\314L?\000\000\300B\365\353Q\266\232\231\231A(\315\023?(\315\023\277(\315\023?\315\314L?\315\314L?\315\314L?"
IndexBuffer: "\000\001\002\003\004\005\006\007\010\t\n\006\013\014\r\003\n\004\r\014\016\016\014\002\017\020\007\001\000\021\000\022\021\020\017\005\023\003\005\005\017\023\000\024\025\025\022\000\025\024\014\014\013\025\020\001\021\021\007\020\013\t\026\026\025\013\r\016\004\004\n\r\n\003\023\023\006\n\005\004\016\016\002\005\002\001\020\020\005\002\025\026\010\010\022\025\023\017\007\007\006\023\026\t\006\006\010\026\024\000\002\002\014\024\010\007\021\021\022\010\n\t\013\013\r\n"
