AEONMSH
Version: 1
Center {
  x: 1.5
  y: 0.8650000095367432
  z: -1.5
}
Radii {
  x: 1.5
  y: 0.8650000095367432
  z: 1.5
}
VertexFlags: 67
VertexCount: 27
IndexSize: 1
IndexCount: 102
VertexBuffer: "\000\000@?\000\000@\300\212\231\231\276\000\000\000\000\000\000\200\277L\357.4\331\330X?\324\323S?\300\277??P\3355-\000\000@\300w3\0035(\315\023\277&\315\023\277*\315\023?\331\330X?\324\323S?\300\277??\000\000@?\000\000@\300\222\231\031\2775]\232>\320\215g\2770]\232\276\331\330X?\324\323S?\300\277??\n\305\t-\001\000\020\300\241p\335\277(\315\023\277&\315\023?*\315\023\277\331\330X?\324\323S?\300\277??\n\305\t-\000\000\020\300\224\231\031\277\317\215g\2773]\232>7]\232\276\331\330X?\324\323S?\300\277??\000\000@?\000\000\020\300\224\231\031\2775]\232>0]\232>\320\215g\277\331\330X?\324\323S?\300\277??\000\000@?\001\000\020\300\241p\335\277(\315\023?&\315\023?*\315\023\277\331\330X?\324\323S?\300\277??\033\0216-\001\000@\300\240p\335\277(\315\023\277*\315\023\277&\315\023\277\331\330X?\324\323S?\300\277??\000\000@?\001\000@\300\240p\335\277(\315\023?*\315\023\277&\315\023\277\331\330X?\324\323S?\300\277??\000\000@?\000\000\020\300\224\231\031\2775]\232>0]\232>\320\215g\277\323\322\322>\323\322\322>\323\322\322>\n\305\t-\000\000\020\300\224\231\031\277\317\215g\2773]\232>7]\232\276\323\322\322>\323\322\322>\323\322\322>\241\220\257*\333\361\321\263\232\231\031\277(\315\023\277&\315\023?*\315\023\277\323\322\322>\323\322\322>\323\322\322>\000\000@@\000\000@\300\222\231\031\277(\315\023?*\315\023\277&\315\023\277\323\322\322>\323\322\322>\323\322\322>\000\000@?\000\000@\300\222\231\031\2775]\232>\320\215g\2770]\232\276\323\322\322>\323\322\322>\323\322\322>\000\000@@\000\000@\300\212\231\231\276j\0035?j\0035\277\014c\3673\331\330X?\324\323S?\300\277??\000\000@@\000\000@\300y3\0035(\315\023?&\315\023\277*\315\023?\331\330X?\324\323S?\300\277??\000\000@@\000\000\000\000\000\000\000\000(\315\023?*\315\023?&\315\023?\331\330X?\324\323S?\300\277??\000\000\000\000z\3457\255\242o\332\251(\315\023\277*\315\023?&\315\023?\331\330X?\324\323S?\300\277??\000\000@@\t\354Q\263\232\231\231\276j\0035?j\0035?\014c\367\263\331\330X?\324\323S?\300\277??\362(\t-\000\000\020\300\216\231\231\276\000\000\200\277\000\000\000\000\000\000\000\000\331\330X?\324\323S?\300\277??\241\220/*\256\367Q\263\232\231\231\276j\0035\277j\0035?\014c\367\263\331\330X?\324\323S?\300\277??\000\000@@\365\353\321\263\232\231\031\277(\315\023?&\315\023?*\315\023\277\323\322\322>\323\322\322>\323\322\322>\000\000@@\000\000@\300\212\231\231\276j\0035?j\0035\277\014c\3673\323\322\322>\323\322\322>\323\322\322>\000\000@@\t\354Q\263\232\231\231\276j\0035?j\0035?\014c\367\263\323\322\322>\323\322\322>\323\322\322>\000\000@?\000\000@\300\212\231\231\276\000\000\000\000\000\000\200\277L\357.4\323\322\322>\323\322\322>\323\322\322>\241\220/*\256\367Q\263\232\231\231\276j\0035\277j\0035?\014c\367\263\323\322\322>\323\322\322>\323\322\322>\362(\t-\000\000\020\300\216\231\231\276\000\000\200\277\000\000\000\000\000\000\000\000\323\322\322>\323\322\322>\323\322\322>"
IndexBuffer: "\000\001\002\003\004\005\005\006\003\001\007\010\010\002\001\t\n\013\014\r\t\001\004\003\003\007\001\000\016\017\000\017\001\001\017\020\020\021\001\020\017\016\016\022\020\001\021\023\023\004\001\021\024\023\020\022\024\024\021\020\006\005\002\002\010\006\010\007\003\003\006\010\025\014\t\t\013\025\026\014\025\025\027\026\r\014\026\026\030\r\027\025\013\013\031\027\032\031\013\013\n\032"
