AEONMSH
Version: 1
Center {
  x: 1.5
  y: 0.3149999976158142
  z: -1.5
}
Radii {
  x: 1.5
  y: 0.3149999976158142
  z: 1.5
}
VertexFlags: 67
VertexCount: 22
IndexSize: 1
IndexCount: 84
VertexBuffer: "5\3255-\000\000@\300\246G!\277(\315\023\277*\315\023\277&\315\023\277\331\330X?\324\323S?\300\277??5\3255-\000\000@\300w3\0035(\315\023\277&\315\023\277*\315\023?\331\330X?\324\323S?\300\277??\000\000\000\000E\0318\255\257\243\332\251(\315\023\277*\315\023?&\315\023?\331\330X?\324\323S?\300\277??\031q\264*\327p\334\263\256G!\277(\315\023\277&\315\023?*\315\023\277\331\330X?\324\323S?\300\277??\000\000@@\000\000\000\000\000\000\000\000(\315\023?*\315\023?&\315\023?\331\330X?\324\323S?\300\277??\000\000@@\370\353Q\263\232\231\231\276j\0035?j\0035?\014c\367\263\331\330X?\324\323S?\300\277??\000\000@?\314\364Q\263\232\231\231\276\000\000\000\000\000\000\200?L\357.\264\331\330X?\324\323S?\300\277??\000\000@?q\360\321\263\232\231\031\2775]\232>\316\215g?:]\232\276\331\330X?\324\323S?\300\277??\000\000@?po\334\263\256G!\277(\315\023?&\315\023?*\315\023\277\331\330X?\324\323S?\300\277??\000\000@?\000\000@\300\246G!\277(\315\023?*\315\023\277&\315\023\277\331\330X?\324\323S?\300\277??\000\000@?\000\000@\300\222\231\031\2775]\232>\320\215g\2770]\232\276\331\330X?\324\323S?\300\277??\000\000@?\000\000@\300\212\231\231\276\000\000\000\000\000\000\200\277L\357.4\331\330X?\324\323S?\300\277??\000\000@@\000\000@\300\212\231\231\276j\0035?j\0035\277\014c\3673\331\330X?\324\323S?\300\277??\000\000@@\000\000@\300y3\0035(\315\023?&\315\023\277*\315\023?\331\330X?\324\323S?\300\277??\000\000@@\370\353Q\263\232\231\231\276j\0035?j\0035?\014c\367\263\323\322\322>\323\322\322>\323\322\322>\000\000@@\365\353\321\263\232\231\031\277(\315\023?&\315\023?*\315\023\277\323\322\322>\323\322\322>\323\322\322>\000\000@?q\360\321\263\232\231\031\2775]\232>\316\215g?:]\232\276\323\322\322>\323\322\322>\323\322\322>\000\000@?\314\364Q\263\232\231\231\276\000\000\000\000\000\000\200?L\357.\264\323\322\322>\323\322\322>\323\322\322>\000\000@?\000\000@\300\222\231\031\2775]\232>\320\215g\2770]\232\276\323\322\322>\323\322\322>\323\322\322>\000\000@@\000\000@\300\222\231\031\277(\315\023?*\315\023\277&\315\023\277\323\322\322>\323\322\322>\323\322\322>\000\000@@\000\000@\300\212\231\231\276j\0035?j\0035\277\014c\3673\323\322\322>\323\322\322>\323\322\322>\000\000@?\000\000@\300\212\231\231\276\000\000\000\000\000\000\200\277L\357.4\323\322\322>\323\322\322>\323\322\322>"
IndexBuffer: "\000\001\002\002\003\000\004\005\006\007\010\003\002\004\006\000\003\010\010\t\000\t\n\000\013\014\r\003\002\006\006\007\003\013\r\001\001\r\004\004\002\001\000\n\013\013\001\000\n\t\010\010\007\n\004\r\014\014\005\004\016\017\020\020\021\016\022\020\017\017\023\022\024\023\017\017\016\024\025\022\023\023\024\025"
