AEONMSH
Version: 1
Center {
  x: 89.58143997192383
  y: 6.418622282014894
  z: 10.080000877380533
}
Radii {
  x: 6.418560028076172
  y: 6.418625566495848
  z: 10.08000087738021
}
VertexFlags: 67
VertexCount: 8
IndexSize: 1
IndexCount: 36
VertexBuffer: "\000\000@T\nj\334\307\256G!S(\315\223P(\315\223\320(\315\223P\315\314L?\315\314L?\315\314L?f\3324T\347Z2R\256G!S\351it\320\351itPz\331\274P\315\314L?\315\314L?\315\314L?eS&T\364j\334\307\256G!S\227k\313\320\024\031\n\320\026;\213P\315\314L?\315\314L?\315\314L?\000\000@T\372\025\352?\030({=(\315\223P(\315\223\320(\315\223\320\315\314L?\315\314L?\315\314L?f\3324T\356Z2R\014\301\363F\351it\320\351itPz\331\274\320\315\314L?\315\314L?\315\314L?\000\000@T^e\315R\346Z\214G\024\031\nP\227k\313P\026;\213\320\315\314L?\315\314L?\315\314L?\000\000@T[e\315R\257G!S\024\031\nP\227k\313P\026;\213P\315\314L?\315\314L?\315\314L?eS&T\003\324\370\260c\0216<\227k\313\320\024\031\n\320\026;\213\320\315\314L?\315\314L?\315\314L?"
IndexBuffer: "\000\001\002\003\004\005\000\006\001\003\007\004\002\001\004\004\007\002\002\007\003\003\000\002\001\006\005\005\004\001\003\005\006\006\000\003"
