AEONMSH
Version: 1
Center {
  x: 42.0
  y: 47.99999835776032
  z: 10.080007553100586
}
Radii {
  x: 42.0
  y: 48.00000164223968
  z: 10.080007553100586
}
VertexFlags: 131
VertexCount: 32
IndexSize: 1
IndexCount: 180
VertexBuffer: "\263\230\214B\232\357\330A\246=\2246U\225*?\033Q\215\276cQ1\277\315\314L?\315\314L?\315\314L?\265\211oB\000\000\300@\2033\2035@\345\037?q\241\270\276cS1\277\315\314L?\315\314L?\315\314L?H\014\002,\000\000\000\000\000\000\000\000(\315\023\277(\315\023\277(\315\023\277\315\314L?\315\314L?\315\314L?\021\215\204B\326\022RB\236\231\231AeW2\277~!?>cS1?\315\314L?\315\314L?\315\314L?2 \215B\263$\224B\240\231\231An\r7\277\202\301\300=cQ1?\315\314L?\315\314L?\315\314L?\000\000\000\000\000\000\300B\242\231\231A(\315\023\277(\315\023?(\315\023?\315\314L?\315\314L?\315\314L?\000\000\250B\000\000\300Bz3\20372\377\030?\037M\017?&\357\022\277\315\314L?\315\314L?\315\314L?\232\353\244B\264\002\221B\307.F7n\r7?\202\301\300\275cQ1\277\315\314L?\315\314L?\315\314L?\000\000\000\000\000\000\300By3\2037(\315\023\277(\315\023?(\315\023\277\315\314L?\315\314L?\315\314L?\210\200_B\277\016\034,\010\025\335)}Y\276>d\0172\277;c\035\277\315\314L?\315\314L?\315\314L?\256\273\233Ba\246EB\330\017\0077eW2?~!?\276cS1\277\315\314L?\315\314L?\315\314L?\000\000\000\000\000\000\300B\252\231\031Aj\0035\277j\0035?\000\000\000\000\315\314L?\315\314L?\315\314L?\000\000\220B\000\000\300B\252\231\031A\000\000\000\000\000\000\200?\000\000\000\000\315\314L?\315\314L?\315\314L?\000\000\220B\000\000\300B\242\231\231A0\351\227\276\323Si?$\345\221>\315\314L?\315\314L?\315\314L?\000\000\220B\000\000\300B\266G\241A\035q\016\2770\027\030?)\263\024?\315\314L?\315\314L?\315\314L?\000\000\250B\000\000\300B\266G\241A2\377\030?\037M\017?&\357\022?\315\314L?\315\314L?\315\314L?\237\345%B\355j\\\266\256G\241Ax+<\277\222)\311\276\033s\r?\315\314L?\315\314L?\315\314L?\237\345%B\356\353Q\266\232\231\231A#\205\221\276\254\351U\277\341\245\360>\315\314L?\315\314L?\315\314L?\210\200_B\352j\\\266\256G\241A}Y\276>d\0172\277;c\035?\315\314L?\315\314L?\315\314L?\237\345%B\350\353\321\265\232\231\031A\000\000\000\000\000\000\200\277\000\000\000\000\315\314L?\315\314L?\315\314L?H\014\002,\365\353\321\265\232\231\031Aj\0035\277j\0035\277\000\000\000\000\315\314L?\315\314L?\315\314L?H\014\002,\365\353Q\266\232\231\231A(\315\023\277(\315\023\277(\315\023?\315\314L?\315\314L?\315\314L?\355\330lBg\254\375A\235\231\231AU\225*\277\033Q\215>cQ1?\315\314L?\315\314L?\315\314L?\371\367EB\375\377?A\233\231\231A@\345\037\277q\241\270>cS1?\315\314L?\315\314L?\315\314L?\256\273\233B`\246EB\262G\241AeW2?~!?\276cQ1?\315\314L?\315\314L?\315\314L?\021\215\204B\326\022RB\262G\241AV\r+\277oQ7>r\3338?\315\314L?\315\314L?\315\314L?\355\330lBg\254\375A\261G\241AG\233#\277\017\211\207>r\3358?\315\314L?\315\314L?\315\314L?\263\230\214B\230\357\330A\260G\241AU\225*?\033Q\215\276cQ1?\315\314L?\315\314L?\315\314L?\265\211oB\371\377\277@\257G\241A@\345\037?q\241\270\276cS1?\315\314L?\315\314L?\315\314L?\232\353\244B\264\002\221B\264G\241An\r7?\202\301\300\275cQ1?\315\314L?\315\314L?\315\314L?2 \215B\263$\224B\264G\241A_\221/\277r\341\270=r\3358?\315\314L?\315\314L?\315\314L?\371\367EB\375\377?A\257G\241A3]\031\277b\025\261>r\3338?\315\314L?\315\314L?\315\314L?"
IndexBuffer: "\000\001\002\003\004\005\006\007\010\001\t\002\010\007\n\010\013\014\r\016\017\006\010\014\020\021\022\023\024\002\023\002\t\005\025\026\021\027\025\026\003\005\004\r\005\025\027\026\030\031\032\032\033\030\001\034\022\022\t\001\024\025\005\005\013\024\013\010\002\002\024\013\010\n\000\000\002\010\033\034\001\001\000\033\007\035\030\030\n\007\014\r\017\017\006\014\031\030\035\035\036\031\023\t\022\022\021\023\036\035\017\017\016\036\037\020\022\022\034\037\n\030\033\033\000\n\013\005\r\r\014\013\037\032\026\026\027\037\004\003\031\031\036\004\034\033\032\032\037\034\006\017\035\035\007\006\020\037\027\027\021\020\036\016\r\r\004\036\023\021\025\025\024\023\032\031\003\003\026\032"
