AEONMSH
Version: 1
Center {
  x: 1.5
  y: 0.824999988079071
  z: -1.5
}
Radii {
  x: 1.5
  y: 0.824999988079071
  z: 1.5
}
VertexFlags: 67
VertexCount: 8
IndexSize: 1
IndexCount: 36
VertexBuffer: "\013\037\240+8R\220\26433\323\277\026#\013\277\024#\013?H\277#\277\213\212\n?\266\2655?\223\222\222>\271\226p+\000\000\000\000\000\000\000\000(\315\023\277*\315\023?&\315\023?\213\212\n?\266\2655?\223\222\222>\000\000@@\271\226p\253Vg$ (\315\023?*\315\023?&\315\023?\213\212\n?\266\2655?\223\222\222>\000\000@@VR\220\26433\323\2773\263\031?\007\217\004?9\001\034\277\213\212\n?\266\2655?\223\222\222>\000\000\000\000\000\000@\300y3\0035(\315\023\277&\315\023\277*\315\023?\213\212\n?\266\2655?\223\222\222>\003O\237*\001\000@\300/3\323\277\t\217\004\2775\263\031\2776\001\034\277\213\212\n?\266\2655?\223\222\222>\000\000@@\000\000@\300\305\314\014\277I\265$?J\265$\277\245a\324\276\213\212\n?\266\2655?\223\222\222>\000\000@@\000\000@\300y3\0035(\315\023?&\315\023\277*\315\023?\213\212\n?\266\2655?\223\222\222>"
IndexBuffer: "\000\001\002\002\003\000\004\005\006\006\007\004\005\004\001\001\000\005\006\003\002\002\007\006\003\006\005\005\000\003\004\007\002\002\001\004"
