AEONMSH
Version: 1
Center {
  x: 89.58143997192383
  y: 6.418622282014894
  z: 10.080000877380533
}
Radii {
  x: 6.418560028076172
  y: 6.418625566495848
  z: 10.08000087738021
}
VertexFlags: 131
VertexCount: 8
IndexSize: 1
IndexCount: 36
VertexBuffer: "\000\000\300G\nj\\\273\256G\241F(\315\023D(\315\023\304(\315\023D\315\314L?\315\314L?\315\314L?f\332\264G\347Z\262E\256G\241F\351i\364\303\351i\364Cz\331<D\315\314L?\315\314L?\315\314L?eS\246G\364j\\\273\256G\241F\227kK\304\024\031\212\303\026;\013D\315\314L?\315\314L?\315\314L?\000\000\300G\372\025j3\030(\3730(\315\023D(\315\023\304(\315\023\304\315\314L?\315\314L?\315\314L?f\332\264G\356Z\262E\014\301s:\351i\364\303\351i\364Cz\331<\304\315\314L?\315\314L?\315\314L?\000\000\300G^eMF\346Z\014;\024\031\212C\227kKD\026;\013\304\315\314L?\315\314L?\315\314L?\000\000\300G[eMF\257G\241F\024\031\212C\227kKD\026;\013D\315\314L?\315\314L?\315\314L?eS\246G\003\324x\244c\021\266/\227kK\304\024\031\212\303\026;\013\304\315\314L?\315\314L?\315\314L?"
IndexBuffer: "\000\001\002\003\004\005\000\006\001\003\007\004\006\005\004\004\001\006\004\007\002\002\001\004\007\003\000\000\002\007\005\006\000\000\003\005"
