AEONMSH
Version: 1
Center {
  x: 48.0
  y: 47.999998566297904
  z: 8.800007820129395
}
Radii {
  x: 48.0
  y: 48.000001433702096
  z: 8.800007820129395
}
VertexFlags: 131
VertexCount: 24
IndexSize: 1
IndexCount: 132
VertexBuffer: "\204\r\017,\000\000\300By3\2037(\315\023\277(\315\023?(\315\023\277\315\314L?\315\314L?\315\314L?\000\000\000\000\324\365\237\235\030\026\352((\315\023\277(\315\023\277(\315\023\277\315\314L?\315\314L?\315\314L?\373\017\251+\000\000\220B\246\231\031A\000\376\177\277\000\000\000\000\000\000\000\000\315\314L?\315\314L?\315\314L?\000\000\300Bl\217\"-\337*\336!(\315\023?(\315\023\277(\315\023\277\315\314L?\315\314L?\315\314L?\000\000\300B\000\000\300By3\2037(\315\023?(\315\023?(\315\023\277\315\314L?\315\314L?\315\314L?\000\000\300B\377\377\277A\236\231\031A\000\000\200?\000\000\000\000\000\000\000\000\315\314L?\315\314L?\315\314L?\000\000\300A\377\377\277A\215\353\321@\345\261\362=X9,?v\363:?\315\314L?\315\314L?\315\314L?\000\000\300B\376\377\277A\317\314\214A(\315\023?(\315\023?(\315\023?\315\314L?\315\314L?\315\314L?\000\000\220B\377\377\277A\215\353\321@\345\261\362\275X9,?v\363:?\315\314L?\315\314L?\315\314L?\000\000\220B\000\000\220B\236\353\321@\345\261\362\275X9,\277v\363:?\315\314L?\315\314L?\315\314L?\240\023\320+\000\000\220B\323\314\214A(\315\023\277(\315\023\277(\315\023?\315\314L?\315\314L?\315\314L?\000\000\300A\000\000\220B\236\353\321@\345\261\362=X9,\277v\363:?\315\314L?\315\314L?\315\314L?\204\r\017,\000\000\300B\325\314\214A(\315\023\277(\315\023?(\315\023?\315\314L?\315\314L?\315\314L?\240\023\320+\000\000\220B\317\365hA\275E^\277\217\221\307\276:!\235>\315\314L?\315\314L?\315\314L?\030\026\352+\376\377\277A\317\314\214A(\315\023\277(\315\023?(\315\023?\315\314L?\315\314L?\315\314L?\030\026\352+\377\377\277A\307\365hA\275E^\277\217\221\307>:!\235>\315\314L?\315\314L?\315\314L?\000\000\000\000\241m@\266\315\314\214A(\315\023\277(\315\023\277(\315\023?\315\314L?\315\314L?\315\314L?\030\026\352+\377\377\277A\236\231\031A\000\000\200\277\000\000\000\000\000\000\000\000\315\314L?\315\314L?\315\314L?\000\000\300Bxm@\266\315\314\214A(\315\023?(\315\023\277(\315\023?\315\314L?\315\314L?\315\314L?\000\000\300B\377\377\277A\307\365hA\275E^?\217\221\307>:!\235>\315\314L?\315\314L?\315\314L?\000\000\300B\000\000\220B\323\314\214A(\315\023?(\315\023\277(\315\023?\315\314L?\315\314L?\315\314L?\000\000\300B\000\000\220B\317\365hA\275E^?\217\221\307\276:!\235>\315\314L?\315\314L?\315\314L?\000\000\300B\000\000\300B\325\314\214A(\315\023?(\315\023?(\315\023?\315\314L?\315\314L?\315\314L?\000\000\300B\000\000\220B\246\231\031A\000\000\200?\000\000\000\000\000\000\000\000\315\314L?\315\314L?\315\314L?"
IndexBuffer: "\000\001\002\003\004\005\006\007\010\t\n\013\n\014\r\016\017\020\001\021\002\007\022\023\024\025\026\027\005\004\023\010\007\006\017\016\016\007\006\r\013\n\t\025\024\024\n\t\021\001\020\020\017\021\014\n\024\024\026\014\t\013\006\006\010\t\027\004\026\026\025\027\021\017\r\r\002\021\004\003\001\001\000\004\027\025\023\023\005\027\005\023\022\022\003\005\002\r\014\014\000\002\014\026\004\004\000\014\013\r\017\017\006\013\023\025\t\t\010\023\022\020\001\001\003\022\016\020\022\022\007\016"
