AEONMSH
Version: 1
Center {
  x: 1.5
  y: 0.30000001192092896
  z: -1.5
}
Radii {
  x: 1.5
  y: 0.30000001192092896
  z: 1.5
}
VertexFlags: 67
VertexCount: 16
IndexSize: 1
IndexCount: 66
VertexBuffer: "\000\000@@\000\000@\300y3\0035(\315\023?&\315\023\277*\315\023?\331\330X?\324\323S?\300\277??\216\220/+\000\000@\300y3\0035(\315\023\277&\315\023\277*\315\023?\331\330X?\324\323S?\300\277??\216\220/+\000\000@\300\212\231\231\276U\251*\277T\251*\277Y\251\252>\331\330X?\324\323S?\300\277??\000\000@@\000\000@\300\212\231\231\276U\251*?T\251*\277Y\251\252>\331\330X?\324\323S?\300\277??\000\000\000\000\n\223\311\252\335\0146\246(\315\023\277*\315\023?&\315\023?\331\330X?\324\323S?\300\277??\000\000\000\000Z\354Q\263\232\231\231\276U\251*\277V\251*?Q\251\252>\331\330X?\324\323S?\300\277??\000\000@@\324\365\237\233\030\026\352\246(\315\023?*\315\023?&\315\023?\331\330X?\324\323S?\300\277??\000\000@@\365\353Q\263\232\231\231\276U\251*?V\251*?Q\251\252>\331\330X?\324\323S?\300\277??\000\000\000\000Z\354Q\263\232\231\231\276U\251*\277V\251*?Q\251\252>\323\322\322>\323\322\322>\323\322\322>\216\220/+\000\000@\300\212\231\231\276U\251*\277T\251*\277Y\251\252>\323\322\322>\323\322\322>\323\322\322>\000\000@@\000\000@\300\212\231\231\276U\251*?T\251*\277Y\251\252>\323\322\322>\323\322\322>\323\322\322>\000\000@@\365\353Q\263\232\231\231\276U\251*?V\251*?Q\251\252>\323\322\322>\323\322\322>\323\322\322>\000\000@@\365\353\321\263\232\231\031\277(\315\023?&\315\023?*\315\023\277\323\322\322>\323\322\322>\323\322\322>\000\000\000\000\'\354\321\263\232\231\031\277(\315\023\277&\315\023?*\315\023\277\323\322\322>\323\322\322>\323\322\322>\216\220/+\000\000@\300\222\231\031\277(\315\023\277*\315\023\277&\315\023\277\323\322\322>\323\322\322>\323\322\322>\000\000@@\000\000@\300\222\231\031\277(\315\023?*\315\023\277&\315\023\277\323\322\322>\323\322\322>\323\322\322>"
IndexBuffer: "\000\001\002\002\003\000\001\004\005\005\002\001\004\006\007\007\005\004\000\003\007\007\006\000\001\000\006\006\004\001\010\t\n\n\013\010\010\013\014\014\r\010\t\010\r\r\016\t\t\016\017\017\n\t\014\013\n\n\017\014\014\017\016\016\r\014"
