AEONMSH
Version: 1
Center {
  x: 89.58143997192383
  y: 6.418622282014894
  z: 10.080000877380533
}
Radii {
  x: 6.418560028076172
  y: 6.418625566495848
  z: 10.08000087738021
}
VertexFlags: 131
VertexCount: 8
IndexSize: 1
IndexCount: 36
VertexBuffer: "\000\000\300`\nj\\\324\256G\241_(\315\023](\315\023\335(\315\023]\315\314L?\315\314L?\315\314L?f\332\264`\347Z\262^\256G\241_\351i\364\334\351i\364\\z\331<]\315\314L?\315\314L?\315\314L?eS\246`\364j\\\324\256G\241_\227kK\335\024\031\212\334\026;\013]\315\314L?\315\314L?\315\314L?\000\000\300`\372\025jL\030(\373I(\315\023](\315\023\335(\315\023\335\315\314L?\315\314L?\315\314L?f\332\264`\356Z\262^\014\301sS\351i\364\334\351i\364\\z\331<\335\315\314L?\315\314L?\315\314L?\000\000\300`^eM_\346Z\014T\024\031\212\\\227kK]\026;\013\335\315\314L?\315\314L?\315\314L?\000\000\300`[eM_\257G\241_\024\031\212\\\227kK]\026;\013]\315\314L?\315\314L?\315\314L?eS\246`\003\324x\275c\021\266H\227kK\335\024\031\212\334\026;\013\335\315\314L?\315\314L?\315\314L?"
IndexBuffer: "\000\001\002\003\004\005\000\006\001\003\007\004\000\002\007\007\003\000\004\007\002\002\001\004\004\001\006\006\005\004\000\003\005\005\006\000"
