AEONMSH
Version: 1
Center {
  x: 48.0
  y: 47.99999835775952
  z: 10.080007553100586
}
Radii {
  x: 48.0
  y: 48.00000164224048
  z: 10.080007553100586
}
VertexFlags: 131
VertexCount: 8
IndexSize: 1
IndexCount: 36
VertexBuffer: "\000\000\300B\355j\\\266\256G\241A(\315\023?(\315\023\277(\315\023?\331\330X?\324\323S?\300\277??\000\000\300B\240\023\320+\327/\216 (\315\023?(\315\023\277(\315\023\277\331\330X?\324\323S?\300\277??\000\000\300B\000\000\300By3\2037(\315\023?(\315\023?(\315\023\277\331\330X?\324\323S?\300\277??\000\000\300B\000\000\300B\266G\241A(\315\023?(\315\023?(\315\023?\331\330X?\324\323S?\300\277??\000\000\000\000\000\000\300B\266G\241A(\315\023\277(\315\023?(\315\023?\331\330X?\324\323S?\300\277??\000\000\000\000\000\000\300By3\2037(\315\023\277(\315\023?(\315\023\277\331\330X?\324\323S?\300\277??\030\026\352+\364j\\\266\256G\241A(\315\023\277(\315\023\277(\315\023?\331\330X?\324\323S?\300\277??\030\026\352+\000\000\000\000\000\000\000\000(\315\023\277(\315\023\277(\315\023\277\331\330X?\324\323S?\300\277??"
IndexBuffer: "\000\001\002\002\003\000\004\003\002\002\005\004\000\006\007\007\001\000\004\005\007\007\006\004\002\001\007\007\005\002\003\004\006\006\000\003"
