AEONMSH
Version: 1
Center {
  x: 2.7994199991226196
  y: 0.3149999976158155
  z: -0.20058199763298035
}
Radii {
  x: 0.20058000087738037
  y: 0.31499999761581293
  z: 0.20058199763298035
}
VertexFlags: 67
VertexCount: 8
IndexSize: 1
IndexCount: 36
VertexBuffer: "\000\000@@\336k\334\263\256G!\277(\315\023?&\315\023?*\315\023\277\331\330X?\324\323S?\300\277??f\3324@\365Z2\276\256G!\277\351i\364\276\355i\364\276y\331<\277\331\330X?\324\323S?\300\277??eS&@\364j\334\263\256G!\277\227kK\277\021\031\212>\027;\013\277\331\330X?\324\323S?\300\277??\000\000@@\372\025\352\253x\'{\251(\315\023?*\315\023?&\315\023?\331\330X?\324\323S?\300\277??f\3324@\356Z2\276\n\301\3632\351i\364\276\345i\364\276{\331<?\331\330X?\324\323S?\300\277??\000\000@@^e\315\276\344Z\2143\024\031\212>\226kK\277\030;\013?\331\330X?\324\323S?\300\277??eS&@\003\324\370\234c\0216\250\227kK\277\027\031\212>\025;\013?\331\330X?\324\323S?\300\277??\000\000@@ae\315\276\255G!\277\024\031\212>\230kK\277\024;\013\277\331\330X?\324\323S?\300\277??"
IndexBuffer: "\000\001\002\003\004\005\000\002\006\006\003\000\000\007\001\006\002\001\001\004\006\000\003\005\005\007\000\003\006\004\004\001\007\007\005\004"
