AEONMSH
Version: 1
Center {
  x: 1.5
  y: 0.3149999976158142
  z: -1.5
}
Radii {
  x: 1.5
  y: 0.3149999976158142
  z: 1.5
}
VertexFlags: 67
VertexCount: 23
IndexSize: 1
IndexCount: 90
VertexBuffer: "\000\000@@\364j\334\263\256G!\277(\315\023?&\315\023?*\315\023\277\331\330X?\324\323S?\300\277??\000\000@@\002\000@\277\254G!\277(\315\023?*\315\023\277&\315\023\277\331\330X?\324\323S?\300\277??\000\000@?\002\000@\277\254G!\2775]\232>:]\232\276\316\215g\277\331\330X?\324\323S?\300\277??\361M\034+\000\000@\300y3\0035(\315\023\277&\315\023\277*\315\023?\331\330X?\324\323S?\300\277??\000\000@@\000\000@\300y3\0035(\315\023?&\315\023\277*\315\023?\331\330X?\324\323S?\300\277??\000\000@@\303\323\370\2334\0216\247(\315\023?*\315\023?&\315\023?\331\330X?\324\323S?\300\277??\000\000\000\000\353\024\335\252r\0146\246(\315\023\277*\315\023?&\315\023?\331\330X?\324\323S?\300\277??\000\000@@\000\000@\300\212\231\231\276j\0035?j\0035\277\014c\3673\331\330X?\324\323S?\300\277??\000\000@@\001\000@\277\226\231\231\276\000\000\200?\000\000\000\000\000\000\000\000\331\330X?\324\323S?\300\277??\000\000@@\002\000@\277\230\231\031\277\317\215g?7]\232\2763]\232\276\331\330X?\324\323S?\300\277??\361M\034+\000\000@\300\246G!\277(\315\023\277*\315\023\277&\315\023\277\331\330X?\324\323S?\300\277??\000\000@?\000\000@\300\222\231\031\2775]\232>\320\215g\2770]\232\276\331\330X?\324\323S?\300\277??\000\000@?\000\000@\300\212\231\231\276\000\000\000\000\000\000\200\277L\357.4\331\330X?\324\323S?\300\277??\000\000@?\000\000@\300\246G!\277(\315\023?*\315\023\277&\315\023\277\331\330X?\324\323S?\300\277??\000\000\000\000+k\334\263\256G!\277(\315\023\277&\315\023?*\315\023\277\331\330X?\324\323S?\300\277??\000\000@?\002\000@\277\230\231\031\277(\315\023?*\315\023\277&\315\023\277\331\330X?\324\323S?\300\277??\000\000@@\000\000@\300\212\231\231\276j\0035?j\0035\277\014c\3673\323\322\322>\323\322\322>\323\322\322>\000\000@@\000\000@\300\222\231\031\277(\315\023?*\315\023\277&\315\023\277\323\322\322>\323\322\322>\323\322\322>\000\000@@\002\000@\277\230\231\031\277\317\215g?7]\232\2763]\232\276\323\322\322>\323\322\322>\323\322\322>\000\000@@\001\000@\277\226\231\231\276\000\000\200?\000\000\000\000\000\000\000\000\323\322\322>\323\322\322>\323\322\322>\000\000@?\002\000@\277\230\231\031\277(\315\023?*\315\023\277&\315\023\277\323\322\322>\323\322\322>\323\322\322>\000\000@?\000\000@\300\222\231\031\2775]\232>\320\215g\2770]\232\276\323\322\322>\323\322\322>\323\322\322>\000\000@?\000\000@\300\212\231\231\276\000\000\000\000\000\000\200\277L\357.4\323\322\322>\323\322\322>\323\322\322>"
IndexBuffer: "\000\001\002\003\004\005\005\006\003\004\007\010\t\001\000\005\004\010\n\013\014\014\003\n\002\r\n\016\000\002\002\n\016\007\004\014\r\013\n\014\004\003\006\016\n\n\003\006\000\005\010\010\t\000\000\016\006\006\005\000\001\t\017\017\002\001\r\002\017\017\013\r\020\021\022\022\023\020\024\022\021\021\025\024\026\025\021\021\020\026"
