AEONMSH
Version: 1
Center {
  x: 1.3125
  y: 0.8650000095367432
  z: -1.5
}
Radii {
  x: 1.3125
  y: 0.8650000095367432
  z: 1.5
}
VertexFlags: 67
VertexCount: 22
IndexSize: 1
IndexCount: 84
VertexBuffer: "\000\000\000\000m+#\255.\001\277\251(\315\023\277*\315\023?&\315\023?\331\330X?\324\323S?\300\277??\000\000\300>q\360\321\263\232\231\031\2775]\232>\316\215g?:]\232\276\331\330X?\324\323S?\300\277??\031\020)*\330R\227\264\244p\335\277\037\243\017\277\341\251\362>\\\271-\277\331\330X?\324\323S?\300\277??\000\000\300>\000\000@\300\212\231\231\276\000\000\000\000\000\000\200\277L\357.4\331\330X?\324\323S?\300\277??\000\000(@\000\000@\300y3\0035(\315\023?&\315\023\277*\315\023?\331\330X?\324\323S?\300\277??\227\304/-\000\000@\300x3\0035(\315\023\277&\315\023\277*\315\023?\331\330X?\324\323S?\300\277??\000\000\300>\254R\227\264\244p\335\277\037\243\017?\341\251\362>\\\271-\277\331\330X?\324\323S?\300\277??\000\000(@\000\000\000\000\000\000\000\000(\315\023?*\315\023?&\315\023?\331\330X?\324\323S?\300\277??\000\000\300>\311\364Q\263\232\231\231\276\000\000\000\000\000\000\200?L\357.\264\331\330X?\324\323S?\300\277??\000\000(@\370\353Q\263\232\231\231\276j\0035?j\0035?\014c\367\263\331\330X?\324\323S?\300\277??\000\000\300>\000\000@\300\222\231\031\2775]\232>\320\215g\2770]\232\276\331\330X?\324\323S?\300\277??\000\000\300>\000\000@\300\246G!\2772\035\031?Q1(\277\322\361\352\276\331\330X?\324\323S?\300\277??\000\000(@\000\000@\300\212\231\231\276j\0035?j\0035\277\014c\3673\331\330X?\324\323S?\300\277??\331,0-\000\000@\300\246G!\2772\035\031\277Q1(\277\322\361\352\276\331\330X?\324\323S?\300\277??\000\000\300>\000\000@\300\212\231\231\276\000\000\000\000\000\000\200\277L\357.4\323\322\322>\323\322\322>\323\322\322>\000\000\300>\000\000@\300\222\231\031\2775]\232>\320\215g\2770]\232\276\323\322\322>\323\322\322>\323\322\322>\000\000(@\000\000@\300\222\231\031\277(\315\023?*\315\023\277&\315\023\277\323\322\322>\323\322\322>\323\322\322>\000\000(@\000\000@\300\212\231\231\276j\0035?j\0035\277\014c\3673\323\322\322>\323\322\322>\323\322\322>\000\000\300>q\360\321\263\232\231\031\2775]\232>\316\215g?:]\232\276\323\322\322>\323\322\322>\323\322\322>\000\000(@\365\353\321\263\232\231\031\277(\315\023?&\315\023?*\315\023\277\323\322\322>\323\322\322>\323\322\322>\000\000(@\370\353Q\263\232\231\231\276j\0035?j\0035?\014c\367\263\323\322\322>\323\322\322>\323\322\322>\000\000\300>\311\364Q\263\232\231\231\276\000\000\000\000\000\000\200?L\357.\264\323\322\322>\323\322\322>\323\322\322>"
IndexBuffer: "\000\001\002\003\004\005\006\002\001\000\007\010\010\001\000\007\t\010\001\n\013\013\006\001\007\004\014\014\t\007\r\n\003\003\005\r\013\n\r\014\004\003\007\000\005\005\004\007\000\002\r\r\005\000\013\r\002\002\006\013\016\017\020\020\021\016\017\022\023\023\020\017\021\020\023\023\024\021\024\023\022\022\025\024"
