AEONMSH
Version: 1
Center {
  x: 89.58143997192383
  y: 6.418622282014894
  z: 10.080000877380533
}
Radii {
  x: 6.418560028076172
  y: 6.418625566495848
  z: 10.08000087738021
}
VertexFlags: 67
VertexCount: 8
IndexSize: 1
IndexCount: 36
VertexBuffer: "\000\000@Y\nj\334\314\256G!X(\315\223U(\315\223\325(\315\223U\315\314L?\315\314L?\315\314L?f\3324Y\347Z2W\256G!X\351it\325\351itUz\331\274U\315\314L?\315\314L?\315\314L?eS&Y\364j\334\314\256G!X\227k\313\325\024\031\n\325\026;\213U\315\314L?\315\314L?\315\314L?\000\000@Y\372\025\352D\030({B(\315\223U(\315\223\325(\315\223\325\315\314L?\315\314L?\315\314L?f\3324Y\356Z2W\014\301\363K\351it\325\351itUz\331\274\325\315\314L?\315\314L?\315\314L?\000\000@Y^e\315W\346Z\214L\024\031\nU\227k\313U\026;\213\325\315\314L?\315\314L?\315\314L?\000\000@Y[e\315W\257G!X\024\031\nU\227k\313U\026;\213U\315\314L?\315\314L?\315\314L?eS&Y\003\324\370\265c\0216A\227k\313\325\024\031\n\325\026;\213\325\315\314L?\315\314L?\315\314L?"
IndexBuffer: "\000\001\002\003\004\005\000\006\001\003\007\004\003\000\002\002\007\003\002\001\004\004\007\002\005\004\001\001\006\005\006\000\003\003\005\006"
