AEONMSH
Version: 1
Center {
  x: 48.0
  y: 47.99999835776032
  z: 10.080007553100586
}
Radii {
  x: 48.0
  y: 48.00000164223968
  z: 10.080007553100586
}
VertexFlags: 67
VertexCount: 24
IndexSize: 1
IndexCount: 132
VertexBuffer: "\021\215\204B\326\022RB\236\231\231AeW2\277~!?>cS1?\315\314L?\315\314L?\315\314L?2 \215B\263$\224B\240\231\231An\r7\277\202\301\300=cQ1?\315\314L?\315\314L?\315\314L?\000\000\000\000\000\000\300B\242\231\231A(\315\023\277(\315\023?(\315\023?\315\314L?\315\314L?\315\314L?\021\215\204B\326\022RB\262G\241AV\r+\277oQ7>r\3338?\315\314L?\315\314L?\315\314L?\355\330lBg\254\375A\261G\241AG\233#\277\017\211\207>r\3358?\315\314L?\315\314L?\315\314L?\000\000\300B\347j\\\266\256G\241A(\315\023?(\315\023\277(\315\023?\315\314L?\315\314L?\315\314L?H\014\002,\365\353Q\266\232\231\231A(\315\023\277(\315\023\277(\315\023?\315\314L?\315\314L?\315\314L?\355\330lBg\254\375A\235\231\231AU\225*\277\033Q\215>cQ1?\315\314L?\315\314L?\315\314L?\237\345%B\356\353Q\266\232\231\231A#\205\221\276\254\351U\277\341\245\360>\315\314L?\315\314L?\315\314L?\371\367EB\375\377?A\233\231\231A@\345\037\277q\241\270>cS1?\315\314L?\315\314L?\315\314L?\000\000\220B\000\000\300B\242\231\231A0\351\227\276\323Si?$\345\221>\315\314L?\315\314L?\315\314L?\000\000\300B\000\000\300By3\2037(\315\023?(\315\023?(\315\023\277\315\314L?\315\314L?\315\314L?\000\000\000\000\000\000\300By3\2037(\315\023\277(\315\023?(\315\023\277\315\314L?\315\314L?\315\314L?\000\000\220B\000\000\300B\252\231\031A\000\000\000\000\000\376\177?\000\000\000\000\315\314L?\315\314L?\315\314L?\000\000\000\000\000\000\300B\252\231\031Aj\0035\277j\0035?\000\000\000\000\315\314L?\315\314L?\315\314L?\000\000\220B\000\000\300B\266G\241A\035q\016\2770\027\030?)\263\024?\315\314L?\315\314L?\315\314L?\000\000\300B\000\000\300B\266G\241A(\315\023?(\315\023?(\315\023?\315\314L?\315\314L?\315\314L?2 \215B\263$\224B\264G\241A_\221/\277r\341\270=r\3358?\315\314L?\315\314L?\315\314L?\371\367EB\375\377?A\257G\241A3]\031\277b\025\261>r\3338?\315\314L?\315\314L?\315\314L?\237\345%B\355j\\\266\256G\241Ax+<\277\222)\311\276\033s\r?\315\314L?\315\314L?\315\314L?\237\345%B\350\353\321\265\232\231\031A\000\000\000\000\000\000\200\277\000\000\000\000\315\314L?\315\314L?\315\314L?H\014\002,\365\353\321\265\232\231\031Aj\0035\277j\0035\277\000\000\000\000\315\314L?\315\314L?\315\314L?H\014\002,\000\000\000\000\000\000\000\000(\315\023\277(\315\023\277(\315\023\277\315\314L?\315\314L?\315\314L?\000\000\300B\257\023P,\341/\016!(\315\023?(\315\023\277(\315\023\277\315\314L?\315\314L?\315\314L?"
IndexBuffer: "\000\001\002\003\004\005\002\006\007\010\t\006\007\000\002\001\n\002\006\t\007\013\014\r\014\016\r\017\020\n\005\020\003\020\017\021\022\023\005\004\022\005\020\021\003\024\025\026\026\027\024\005\023\010\027\013\020\020\005\027\013\027\026\026\014\013\005\010\024\024\027\005\r\016\002\002\n\r\016\025\006\006\002\016\003\021\001\001\000\003\r\n\020\020\013\r\010\023\022\022\t\010\t\022\004\004\007\t\001\021\017\017\n\001\025\016\014\014\026\025\025\024\010\010\006\025\007\004\003\003\000\007"
