AEONMSH
Version: 1
Center {
  x: 1.5
  y: 0.3149999976158142
  z: -1.5
}
Radii {
  x: 1.5
  y: 0.3149999976158142
  z: 1.5
}
VertexFlags: 67
VertexCount: 24
IndexSize: 1
IndexCount: 96
VertexBuffer: "\000\000@@\000\000\000\000\000\000\000\000(\315\023?*\315\023?&\315\023?\331\330X?\324\323S?\300\277??\000\000@@\000\000@\300y3\0035(\315\023?&\315\023\277*\315\023?\331\330X?\324\323S?\300\277??\000\000@@\022\000@\277\226\231\231\276\000\000\200?\000\000\000\000\000\000\000\000\331\330X?\324\323S?\300\277??\000\000@?\000\000\020\300\250G!\2775]\232>0]\232>\320\215g\277\331\330X?\324\323S?\300\277??\350\377?3\000\000@\300\246G!\277(\315\023\277*\315\023\277&\315\023\277\331\330X?\324\323S?\300\277??\000\000@?\023\000@\277\254G!\2775]\232>:]\232\276\316\215g\277\331\330X?\324\323S?\300\277??\000\000@@\023\000@\277\254G!\277(\315\023?*\315\023\277&\315\023\277\331\330X?\324\323S?\300\277??\000\000@@\364j\334\263\256G!\277(\315\023?&\315\023?*\315\023\277\331\330X?\324\323S?\300\277??\000\000@@\023\000@\277\230\231\031\277\317\215g?7]\232\2763]\232\276\331\330X?\324\323S?\300\277??\000\000@@\000\000\020\300\250G!\277(\315\023?&\315\023?*\315\023\277\331\330X?\324\323S?\300\277??\000\000@@\000\000\020\300\224\231\031\277\317\215g?3]\232>7]\232\276\331\330X?\324\323S?\300\277??\000\000@@\000\000@\300\246G!\277(\315\023?*\315\023\277&\315\023\277\331\330X?\324\323S?\300\277??\000\000@@\000\000\020\300\216\231\231\276\000\000\200?\000\000\000\000\000\000\000\000\331\330X?\324\323S?\300\277??\350\377?3\000\000@\300y3\0035(\315\023\277&\315\023\277*\315\023?\331\330X?\324\323S?\300\277??\000\000\000\000\350\377?\263\255\244\357\'(\315\023\277*\315\023?&\315\023?\331\330X?\324\323S?\300\277??\000\000\000\000t5\036\264\256G!\277(\315\023\277&\315\023?*\315\023\277\331\330X?\324\323S?\300\277??\000\000@?\000\000\020\300\224\231\031\277(\315\023?&\315\023?*\315\023\277\331\330X?\324\323S?\300\277??\000\000@?\023\000@\277\230\231\031\277(\315\023?*\315\023\277&\315\023\277\331\330X?\324\323S?\300\277??\000\000@@\000\000\020\300\216\231\231\276\000\000\200?\000\000\000\000\000\000\000\000\323\322\322>\323\322\322>\323\322\322>\000\000@@\000\000\020\300\224\231\031\277\317\215g?3]\232>7]\232\276\323\322\322>\323\322\322>\323\322\322>\000\000@@\023\000@\277\230\231\031\277\317\215g?7]\232\2763]\232\276\323\322\322>\323\322\322>\323\322\322>\000\000@@\022\000@\277\226\231\231\276\000\000\200?\000\000\000\000\000\000\000\000\323\322\322>\323\322\322>\323\322\322>\000\000@?\023\000@\277\230\231\031\277(\315\023?*\315\023\277&\315\023\277\323\322\322>\323\322\322>\323\322\322>\000\000@?\000\000\020\300\224\231\031\277(\315\023?&\315\023?*\315\023\277\323\322\322>\323\322\322>\323\322\322>"
IndexBuffer: "\000\001\002\003\004\005\006\007\010\t\n\013\013\n\014\014\001\013\014\002\001\r\001\000\000\016\r\004\r\016\016\017\004\013\001\r\r\004\013\007\006\005\003\t\013\017\007\005\003\013\004\017\005\004\n\t\003\003\020\n\007\000\002\002\010\007\017\016\000\000\007\017\005\021\020\020\003\005\010\021\005\005\006\010\022\023\024\024\025\022\026\024\023\023\027\026"
