AEONMSH
Version: 1
Center {
  x: 1.3125
  y: 0.8650000095367432
  z: -1.3125
}
Radii {
  x: 1.3125
  y: 0.8650000095367432
  z: 1.3125
}
VertexFlags: 67
VertexCount: 23
IndexSize: 1
IndexCount: 90
VertexBuffer: "\000\000(@\215Q\227\264\244p\335\277(\315\023?&\315\023?*\315\023\277\331\330X?\324\323S?\300\277??\000\000(@\260G\325\233\253\016\034\247(\315\023?*\315\023?&\315\023?\331\330X?\324\323S?\300\277??\000\000(@\003\000\300\276\231\231\031\277\317\215g?7]\232\2763]\232\276\331\330X?\324\323S?\300\277??\000\000(@\t\000\300\276\243p\335\277(\315\023?*\315\023\277&\315\023\277\331\330X?\324\323S?\300\277??\000\000\300>\t\000\300\276\243p\335\2775]\232>:]\232\276\316\215g\277\331\330X?\324\323S?\300\277??%\216\025+\000\000(\300\024\232\3454(\315\023\277&\315\023\277*\315\023?\331\330X?\324\323S?\300\277??\000\000\300>\000\000(\300\223\231\031\2775]\232>\320\215g\2770]\232\276\331\330X?\324\323S?\300\277??\000\000\300>\000\000(\300\214\231\231\276\000\000\000\000\000\000\200\277L\357.4\331\330X?\324\323S?\300\277??\000\000\000\000%\216\025\253>\rP\246(\315\023\277*\315\023?&\315\023?\331\330X?\324\323S?\300\277??\000\000\000\000\240Q\227\264\244p\335\277(\315\023\277&\315\023?*\315\023\277\331\330X?\324\323S?\300\277??%\216\025+\001\000(\300\240p\335\277(\315\023\277*\315\023\277&\315\023\277\331\330X?\324\323S?\300\277??\000\000(@\000\000(\300\024\232\3454(\315\023?&\315\023\277*\315\023?\331\330X?\324\323S?\300\277??\000\000(@\002\000\300\276\230\231\231\276\000\000\200?\000\000\000\000\000\000\000\000\331\330X?\324\323S?\300\277??\000\000(@\000\000(\300\214\231\231\276j\0035?j\0035\277\014c\3673\331\330X?\324\323S?\300\277??\000\000\300>\001\000(\300\240p\335\277(\315\023?*\315\023\277&\315\023\277\331\330X?\324\323S?\300\277??\000\000\300>\003\000\300\276\231\231\031\277(\315\023?*\315\023\277&\315\023\277\331\330X?\324\323S?\300\277??\000\000\300>\000\000(\300\214\231\231\276\000\000\000\000\000\000\200\277L\357.4\323\322\322>\323\322\322>\323\322\322>\000\000\300>\000\000(\300\223\231\031\2775]\232>\320\215g\2770]\232\276\323\322\322>\323\322\322>\323\322\322>\000\000(@\000\000(\300\223\231\031\277(\315\023?*\315\023\277&\315\023\277\323\322\322>\323\322\322>\323\322\322>\000\000(@\000\000(\300\214\231\231\276j\0035?j\0035\277\014c\3673\323\322\322>\323\322\322>\323\322\322>\000\000(@\003\000\300\276\231\231\031\277\317\215g?7]\232\2763]\232\276\323\322\322>\323\322\322>\323\322\322>\000\000(@\002\000\300\276\230\231\231\276\000\000\200?\000\000\000\000\000\000\000\000\323\322\322>\323\322\322>\323\322\322>\000\000\300>\003\000\300\276\231\231\031\277(\315\023?*\315\023\277&\315\023\277\323\322\322>\323\322\322>\323\322\322>"
IndexBuffer: "\000\001\002\000\003\004\005\006\007\010\t\n\n\005\010\002\003\000\001\013\014\014\002\001\013\r\014\004\016\n\t\000\004\004\n\t\r\013\007\005\n\006\016\006\n\007\013\005\001\000\t\t\010\001\005\013\001\001\010\005\003\002\017\017\004\003\016\004\017\017\006\016\020\021\022\022\023\020\023\022\024\024\025\023\026\024\022\022\021\026"
