AEONMSH
Version: 1
Center {
  x: 1.5
  y: 0.8650000095367432
  z: -1.5
}
Radii {
  x: 1.5
  y: 0.8650000095367432
  z: 1.5
}
VertexFlags: 67
VertexCount: 30
IndexSize: 1
IndexCount: 120
VertexBuffer: "\000\000\300>m+#\255.\001\277\251\000\000\000\000l\0035?h\0035?\323\322\322>\323\322\322>\323\322\322>\000\000@?q\360\321\263\232\231\031\2775]\232>\316\215g?:]\232\276\323\322\322>\323\322\322>\323\322\322>\000\000\300>\203S\220\26433\323\277\230\001\314\276\272]]?>\205\234\276\323\322\322>\323\322\322>\323\322\322>\000\000@?\000\000@\300\212\231\231\276\000\000\000\000\000\000\200\277L\357.4\323\322\322>\323\322\322>\323\322\322>\000\000@@\000\000@\300y3\0035(\315\023?&\315\023\277*\315\023?\323\322\322>\323\322\322>\323\322\322>\000\000\300>\000\000@\300x3\0035\000\000\000\000h\0035\277l\0035?\323\322\322>\323\322\322>\323\322\322>\000\000@?\254R\227\264\244p\335\277\037\243\017?\341\251\362>\\\271-\277\331\330X?\324\323S?\300\277??\000\000\300>\330R\227\264\244p\335\277\037\243\017\277\341\251\362>\\\271-\277\331\330X?\324\323S?\300\277??\000\000\300>\203S\220\26433\323\277\230\001\314\276\272]]?>\205\234\276\331\330X?\324\323S?\300\277??\000\000@@\000\000\000\000\000\000\000\000(\315\023?*\315\023?&\315\023?\323\322\322>\323\322\322>\323\322\322>\000\000@?\311\364Q\263\232\231\231\276\000\000\000\000\000\000\200?L\357.\264\323\322\322>\323\322\322>\323\322\322>\000\000@@\377\353Q\263\232\231\231\276j\0035?j\0035?\014c\367\263\323\322\322>\323\322\322>\323\322\322>\000\000@?q\360\321\263\232\231\031\2775]\232>\316\215g?:]\232\276\331\330X?\324\323S?\300\277??\000\000\300>\000\000@\300\246G!\2772\035\031\277Q1(\277\322\361\352\276\331\330X?\324\323S?\300\277??\000\000\300>\000\000@\300\305\314\014\277\277Q_\276\342\207p\277\t\r\207\276\331\330X?\324\323S?\300\277??\000\000@@\000\000@\300\212\231\231\276j\0035?j\0035\277\014c\3673\323\322\322>\323\322\322>\323\322\322>\000\000@?\000\000@\300\246G!\2772\035\031?Q1(\277\322\361\352\276\331\330X?\324\323S?\300\277??\000\000@?\000\000@\300\222\231\031\2775]\232>\320\215g\2770]\232\276\331\330X?\324\323S?\300\277??\000\000\300>\203S\220\26433\323\277\230\001\314\276\272]]?>\205\234\276\213\212\n?\266\2655?\223\222\222><<\001+\262S\220\26433\323\277\037\243\017\277\341\251\362>\\\271-\277\213\212\n?\266\2655?\223\222\222>\000\000\000\000E\0318\255\242;\332\251(\315\023\277*\315\023?&\315\023?\213\212\n?\266\2655?\223\222\222>\000\000\300>m+#\255.\001\277\251\000\000\000\000l\0035?h\0035?\213\212\n?\266\2655?\223\222\222>\217\3265-\000\000@\300w3\0035(\315\023\277&\315\023\277*\315\023?\213\212\n?\266\2655?\223\222\222>\000\000\300>\000\000@\300x3\0035\000\000\000\000h\0035\277l\0035?\213\212\n?\266\2655?\223\222\222>\000\000\300>\000\000@\300\305\314\014\277\277Q_\276\342\207p\277\t\r\207\276\213\212\n?\266\2655?\223\222\222>\217\3265-\000\000@\300\305\314\014\2772\035\031\277Q1(\277\322\361\352\276\213\212\n?\266\2655?\223\222\222>\000\000@@\365\353\321\263\232\231\031\277(\315\023?&\315\023?*\315\023\277\323\322\322>\323\322\322>\323\322\322>\000\000@@\000\000@\300\222\231\031\277(\315\023?*\315\023\277&\315\023\277\323\322\322>\323\322\322>\323\322\322>\000\000@?\000\000@\300\222\231\031\2775]\232>\320\215g\2770]\232\276\323\322\322>\323\322\322>\323\322\322>\000\000\300>\000\000@\300\305\314\014\277\277Q_\276\342\207p\277\t\r\207\276\323\322\322>\323\322\322>\323\322\322>"
IndexBuffer: "\000\001\002\003\004\005\006\007\010\000\t\n\n\001\000\t\013\n\006\010\014\r\016\010\010\007\r\017\004\003\020\021\016\016\r\020\020\r\007\007\006\020\014\021\020\020\006\014\022\023\024\024\025\022\024\026\027\027\025\024\022\030\031\031\023\022\004\t\000\000\005\004\024\023\031\031\026\024\027\026\031\031\030\027\n\013\032\032\001\n\013\017\033\033\032\013\033\034\001\001\032\033\003\005\035\035\034\003\013\t\004\004\017\013\017\003\034\034\033\017"
