AEONMSH
Version: 1
Center {
  x: 48.0
  y: 47.99999835775952
  z: 10.080007553100597
}
Radii {
  x: 48.0
  y: 48.00000164224048
  z: 10.080007553100575
}
VertexFlags: 67
VertexCount: 17
IndexSize: 1
IndexCount: 90
VertexBuffer: "\000\000\300B\364j\\\266\256G\241A(\315\023?(\315\023\277(\315\023?\315\314L?\315\314L?\315\314L?\000\000\300B\376\377\277A\260G\241A(\315\023?(\315\023?(\315\023?\315\314L?\315\314L?\315\314L?\000\000\300A\376\377\277A\260G\241A5]\232>5]\232>\317\215g?\315\314L?\315\314L?\315\314L?\000\000\300B\000\000\300By3\2037(\315\023?(\315\023?(\315\023\277\315\314L?\315\314L?\315\314L?\000\000\300B\000\000\300B\252\231\031Aj\0035?j\0035?\000\000\000\000\315\314L?\315\314L?\315\314L?\000\000\300B\377\377\277A\236\231\031A\000\000\200?\000\000\000\000\000\000\000\000\315\314L?\315\314L?\315\314L?\000\000\300B\376\377\277A\234\231\231A\317\215g?5]\232>5]\232>\315\314L?\315\314L?\315\314L?\000\000\300B\303\323x\2364\021\266)(\315\023?(\315\023\277(\315\023\277\315\314L?\315\314L?\315\314L?\000\000\300A\000\000\300B\266G\241A(\315\023?(\315\023?(\315\023?\315\314L?\315\314L?\315\314L?\361M\234-\000\000\300B\266G\241A(\315\023\277(\315\023?(\315\023?\315\314L?\315\314L?\315\314L?\000\000\000\000\275j\\\266\256G\241A(\315\023\277(\315\023\277(\315\023?\315\314L?\315\314L?\315\314L?\000\000\300A\000\000\300B\252\231\031A\000\000\000\000\000\376\177?\000\000\000\000\315\314L?\315\314L?\315\314L?\000\000\300A\000\000\300B\242\231\231A5]\232>\317\215g?5]\232>\315\314L?\315\314L?\315\314L?\361M\234-\000\000\300By3\2037(\315\023\277(\315\023?(\315\023\277\315\314L?\315\314L?\315\314L?\000\000\300B\000\000\300B\242\231\231A(\315\023?(\315\023?(\315\023?\315\314L?\315\314L?\315\314L?\000\000\000\000\353\024]-\344\025\266((\315\023\277(\315\023\277(\315\023\277\315\314L?\315\314L?\315\314L?\000\000\300A\376\377\277A\234\231\231A(\315\023?(\315\023?(\315\023?\315\314L?\315\314L?\315\314L?"
IndexBuffer: "\000\001\002\003\004\005\006\001\000\007\003\005\002\010\t\n\000\002\002\t\n\004\003\013\010\014\t\013\003\r\013\014\016\016\004\013\017\r\003\003\007\017\007\000\n\n\017\007\014\010\002\002\020\014\002\001\006\006\020\002\r\017\n\n\t\r\005\006\000\000\007\005\013\r\t\t\014\013\005\004\016\016\006\005\020\006\016\016\014\020"
