AEONMSH
Version: 1
Center {
  x: 89.58143997192383
  y: 6.418622282014894
  z: 10.080000877380533
}
Radii {
  x: 6.418560028076172
  y: 6.418625566495848
  z: 10.08000087738021
}
VertexFlags: 67
VertexCount: 28
IndexSize: 1
IndexCount: 36
VertexBuffer: "\000\000\300\377\000\000\300\377\000\000\300\377\000\000\300\377\000\000\300\377\000\000\300\377\315\314L?\315\314L?\315\314L?\000\000\300\377\000\000\300\377\000\000\300\377\000\000\300\377\000\000\300\377\000\000\300\377\315\314L?\315\314L?\315\314L?\000\000\300\377\000\000\300\377\000\000\300\377\000\000\300\377\000\000\300\377\000\000\300\377\315\314L?\315\314L?\315\314L?\000\000\300\377\000\000\300\377\000\000\300\377\000\000\300\377\000\000\300\377\000\000\300\377\315\314L?\315\314L?\315\314L?\000\000\300\377\000\000\300\377\000\000\300\377\000\000\300\377\000\000\300\377\000\000\300\377\315\314L?\315\314L?\315\314L?\000\000\300\377\000\000\300\377\000\000\300\377\000\000\300\377\000\000\300\377\000\000\300\377\315\314L?\315\314L?\315\314L?\000\000\300\377\000\000\300\377\000\000\300\377\000\000\300\377\000\000\300\377\000\000\300\377\315\314L?\315\314L?\315\314L?\000\000\300\377\000\000\300\377\000\000\300\377\000\000\300\377\000\000\300\377\000\000\300\377\315\314L?\315\314L?\315\314L?\000\000\300\377\000\000\300\377\000\000\300\377\000\000\300\377\000\000\300\377\000\000\300\377\315\314L?\315\314L?\315\314L?\000\000\300\377\000\000\300\377\000\000\300\377\000\000\300\377\000\000\300\377\000\000\300\377\315\314L?\315\314L?\315\314L?\000\000\300\377\000\000\300\377\000\000\300\377\000\000\300\377\000\000\300\377\000\000\300\377\315\314L?\315\314L?\315\314L?\000\000\300\377\000\000\300\377\000\000\300\377\000\000\300\377\000\000\300\377\000\000\300\377\315\314L?\315\314L?\315\314L?\000\000\300\377\000\000\300\377\000\000\300\377\000\000\300\377\000\000\300\377\000\000\300\377\315\314L?\315\314L?\315\314L?\000\000\300\377\000\000\300\377\000\000\300\377\000\000\300\377\000\000\300\377\000\000\300\377\315\314L?\315\314L?\315\314L?\000\000\300\377\000\000\300\377\000\000\300\377\000\000\300\377\000\000\300\377\000\000\300\377\315\314L?\315\314L?\315\314L?\000\000\300\377\000\000\300\377\000\000\300\377\000\000\300\377\000\000\300\377\000\000\300\377\315\314L?\315\314L?\315\314L?\000\000\300\377\000\000\300\377\000\000\300\377\000\000\300\377\000\000\300\377\000\000\300\377\315\314L?\315\314L?\315\314L?\000\000\300\377\000\000\300\377\000\000\300\377\000\000\300\377\000\000\300\377\000\000\300\377\315\314L?\315\314L?\315\314L?\000\000\300\377\000\000\300\377\000\000\300\377\000\000\300\377\000\000\300\377\000\000\300\377\315\314L?\315\314L?\315\314L?\000\000\300\377\000\000\300\377\000\000\300\377\000\000\300\377\000\000\300\377\000\000\300\377\315\314L?\315\314L?\315\314L?\000\000\300\377\000\000\300\377\000\000\300\377\000\000\300\377\000\000\300\377\000\000\300\377\315\314L?\315\314L?\315\314L?\000\000\300\377\000\000\300\377\000\000\300\377\000\000\300\377\000\000\300\377\000\000\300\377\315\314L?\315\314L?\315\314L?\000\000\300\377\000\000\300\377\000\000\300\377\000\000\300\377\000\000\300\377\000\000\300\377\315\314L?\315\314L?\315\314L?\000\000\300\377\000\000\300\377\000\000\300\377\000\000\300\377\000\000\300\377\000\000\300\377\315\314L?\315\314L?\315\314L?\000\000\300\377\000\000\300\377\000\000\300\377\000\000\300\377\000\000\300\377\000\000\300\377\315\314L?\315\314L?\315\314L?\000\000\300\377\000\000\300\377\000\000\300\377\000\000\300\377\000\000\300\377\000\000\300\377\315\314L?\315\314L?\315\314L?\000\000\300\377\000\000\300\377\000\000\300\377\000\000\300\377\000\000\300\377\000\000\300\377\315\314L?\315\314L?\315\314L?\000\000\300\377\000\000\300\377\000\000\300\377\000\000\300\377\000\000\300\377\000\000\300\377\315\314L?\315\314L?\315\314L?"
IndexBuffer: "\000\001\002\003\004\005\006\007\010\t\n\013\014\r\016\016\017\014\020\021\022\022\023\020\024\025\026\026\027\024\030\031\032\032\033\030"
