AEONMSH
Version: 1
Center {
  x: 42.0
  y: 47.99999549048607
  z: 27.68000030517578
}
Radii {
  x: 42.0
  y: 48.00000450951393
  z: 27.68000030517578
}
VertexFlags: 67
VertexCount: 16
IndexSize: 1
IndexCount: 84
VertexBuffer: "\000\000\000\000m+\243/\354\002?,(\315\023\277(\315\023\277(\315\023\277\315\314L?\315\314L?\315\314L?\000\000@Ay\347Q\266\232\231\231A5]\232>\317\215g\2775]\232>\315\314L?\315\314L?\315\314L?\031\020\251,BP\027\267\244p]B\037\243\017\277\345\251\362\276[\271-?\315\314L?\315\314L?\315\314L?\000\000@A\000\000\300B\252\231\031A\000\000\000\000\000\000\200?\000\000\000\000\315\314L?\315\314L?\315\314L?\000\000\250B\000\000\300By3\2037(\315\023?(\315\023?(\315\023\277\315\314L?\315\314L?\315\314L?\227\304\257/\000\000\300Bz3\2037(\315\023\277(\315\023?(\315\023\277\315\314L?\315\314L?\315\314L?\000\000@AnP\027\267\244p]B\037\243\017?\345\251\362\276[\271-?\315\314L?\315\314L?\315\314L?\000\000\250B\000\000\000\000\000\000\000\000(\315\023?(\315\023\277(\315\023\277\315\314L?\315\314L?\315\314L?\000\000@A!\343\321\265\232\231\031A\000\000\000\000\000\000\200\277\000\000\000\000\315\314L?\315\314L?\315\314L?\000\000\250B\362\353\321\265\232\231\031Aj\0035?j\0035\277\000\000\000\000\315\314L?\315\314L?\315\314L?\000\000@A\000\000\300B\266G\241A2\035\031?P1(?\326\361\352>\315\314L?\315\314L?\315\314L?\000\000@A\000\000\300B\242\231\231A5]\232>\317\215g?5]\232>\315\314L?\315\314L?\315\314L?\331,\260/\000\000\300B\266G\241A2\035\031\277P1(?\326\361\352>\315\314L?\315\314L?\315\314L?\000\000\250B\000\000\300B\252\231\031Aj\0035?j\0035?\000\000\000\000\315\314L?\315\314L?\315\314L?\000\000\250B\365\353Q\266\232\231\231A(\315\023?(\315\023\277(\315\023?\315\314L?\315\314L?\315\314L?\000\000\250B\000\000\300B\242\231\231A(\315\023?(\315\023?(\315\023?\315\314L?\315\314L?\315\314L?"
IndexBuffer: "\000\001\002\003\004\005\006\002\001\000\007\010\010\001\000\007\t\010\n\013\014\r\004\003\013\001\016\016\017\013\n\006\001\001\013\n\t\007\004\004\r\t\t\016\001\001\010\t\003\005\014\014\013\003\006\n\014\014\002\006\014\005\000\000\002\014\004\007\000\000\005\004\r\017\016\016\t\r\003\013\017\017\r\003"
