AEONMSH
Version: 1
Center {
  x: 48.0
  y: 47.999995698894054
  z: 26.399999618530273
}
Radii {
  x: 48.0
  y: 48.000004301105946
  z: 26.399999618530273
}
VertexFlags: 131
VertexCount: 19
IndexSize: 1
IndexCount: 102
VertexBuffer: "\000\000\300B\000\000\300B\325\314\214A(\313\023?(\313\023?(\315\023?\213\212\n?\266\2655?\223\222\222>\265\303\207B\265\303\207B\323\314\214A\346\341\362=\346\341\362=\371]|?\213\212\n?\266\2655?\223\222\222>\347R\230B\212\303iB\322\314\214A\020A\010>\242!\321=\371]|?\213\212\n?\266\2655?\223\222\222>:\001\30058R\020\26733SB\351Y\364\276\351Y\364\276z\343<?\213\212\n?\266\2655?\223\222\222>\013}HAl[\276B\325\314\214AfA\263<UI*>\371]|?\213\212\n?\266\2655?\223\222\222>\000\000\000\000\000\000\300B\325\314\214A0\333\027\277P\035(?\335i\356>\213\212\n?\266\2655?\223\222\222>\343\305\306A:u\271B\325\314\214Ad\3011=L\351%>\371]|?\213\212\n?\266\2655?\223\222\222>M\363\022B\215b\261B\325\314\214A\007q\203==\251\036>\371]|?\213\212\n?\266\2655?\223\222\222>\000\000@B\361F\246B\324\314\214AX\301\253=)\271\024>\371]|?\213\212\n?\266\2655?\223\222\222>\213\303iB\347R\230B\324\314\214A\242!\321=\020A\010>\371]|?\213\212\n?\266\2655?\223\222\222>\361F\246B\377\377?B\321\314\214A)\271\024>X\301\253=\371]|?\213\212\n?\266\2655?\223\222\222>\215b\261BL\363\022B\320\314\214A=\251\036>\007q\203=\371]|?\213\212\n?\266\2655?\223\222\222>:u\271B\341\305\306A\317\314\214AL\351%>d\3011=\371]|?\213\212\n?\266\2655?\223\222\222>l[\276B\010}HA\316\314\214AUI*>fA\263<\371]|?\213\212\n?\266\2655?\223\222\222>\000\000\300B\005\333\300\265\315\314\214AP\035(?0\333\027\277\335i\356>\213\212\n?\266\2655?\223\222\222>\000\000\300B=\000\3005\2433\203*(\315\023?(\315\023\277(\315\023\277\213\212\n?\266\2655?\223\222\222>:\001\3005\240\023\320+\327/\216 (\315\023\277(\315\023\277(\315\023\277\213\212\n?\266\2655?\223\222\222>\000\000\000\000\000\000\300By3\2037(\315\023\277(\315\023?(\315\023\277\213\212\n?\266\2655?\223\222\222>\000\000\300B\000\000\300By3\2037(\315\023?(\315\023?(\315\023\277\213\212\n?\266\2655?\223\222\222>"
IndexBuffer: "\000\001\002\003\004\005\003\006\004\003\007\006\003\010\007\003\t\010\003\001\t\003\002\001\003\n\002\003\013\n\003\014\013\003\r\014\003\016\r\017\020\021\021\022\017\016\017\022\022\000\016\016\003\020\020\017\016\000\005\004\000\004\006\r\016\000\014\r\000\000\006\007\000\007\010\013\014\000\n\013\000\000\010\t\000\t\001\002\n\000\020\003\005\005\021\020\000\022\021\021\005\000"
