AEONMSH
Version: 1
Center {
  x: 1.5
  y: 0.824999988079071
  z: -1.5
}
Radii {
  x: 1.5
  y: 0.824999988079071
  z: 1.5
}
VertexFlags: 67
VertexCount: 8
IndexSize: 1
IndexCount: 36
VertexBuffer: "\000\000@@:R\220\26433\323\277(\315\023?&\315\023?*\315\023\277\213\212\n?\266\2655?\223\222\222>\240\023P)8R\220\26433\323\277(\315\023\277&\315\023?*\315\023\277\213\212\n?\266\2655?\223\222\222>\240\023P)\000\000\000\000\000\000\000\000(\315\023\277*\315\023?&\315\023?\213\212\n?\266\2655?\223\222\222>\000\000@@H\014\202\251\322\2731\036(\315\023?*\315\023?&\315\023?\213\212\n?\266\2655?\223\222\222>\000\000\000\000\001\000@\300/3\323\277(\315\023\277*\315\023\277&\315\023\277\213\212\n?\266\2655?\223\222\222>\000\000\000\000\000\000@\300y3\0035(\315\023\277&\315\023\277*\315\023?\213\212\n?\266\2655?\223\222\222>\000\000@@\001\000@\300/3\323\277(\315\023?*\315\023\277&\315\023\277\213\212\n?\266\2655?\223\222\222>\000\000@@\000\000@\300y3\0035(\315\023?&\315\023\277*\315\023?\213\212\n?\266\2655?\223\222\222>"
IndexBuffer: "\000\001\002\002\003\000\004\005\002\002\001\004\006\004\001\001\000\006\004\006\007\007\005\004\000\003\007\007\006\000\007\003\002\002\005\007"
