AEONMSH
Version: 1
Center {
  x: 48.0
  y: 47.999998566297904
  z: 8.800007820129398
}
Radii {
  x: 48.0
  y: 48.000001433702096
  z: 8.800007820129391
}
VertexFlags: 131
VertexCount: 28
IndexSize: 1
IndexCount: 156
VertexBuffer: "\000\000\300B\000\000\300By3\2037(\315\023?(\315\023?(\315\023\277\315\314L?\315\314L?\315\314L?\000\000\000\000\000\000\300By3\2037(\315\023\277(\315\023?(\315\023\277\315\314L?\315\314L?\315\314L?\000\000\300A\000\000\300B\252\231\031A\000\000\000\000\000\000\200?\000\000\000\000\315\314L?\315\314L?\315\314L?\000\000\300B\377\377\277A\236\231\031A\000\000\200?\000\000\000\000\000\000\000\000\315\314L?\315\314L?\315\314L?\000\000\300B\361G\325\235\332\016\034)(\315\023?(\315\023\277(\315\023\277\315\314L?\315\314L?\315\314L?\000\000\300B\000\000\300B\325\314\214A(\315\023?(\315\023?(\315\023?\315\314L?\315\314L?\315\314L?kH\242B\230n\240B\324\314\214A\020\357\007\277\025\251\n\277N\321&?\315\314L?\315\314L?\315\314L?\000\000\300B\000\000\220B\323\314\214A\261I\330>oa7\277\034)\016?\315\314L?\315\314L?\315\314L?\240\301\336A\\f\250A\317\314\214A\226\031\313>\327]\353>\227eK?\315\314L?\315\314L?\315\314L?\000\342\036A\367kVB\322\314\214A,\307\025?\267a[=\236%O?\315\314L?\315\314L?\315\314L?\276\023\320*\241m@\266\315\314\214A(\315\023\277(\315\023\277(\315\023?\315\314L?\315\314L?\315\314L?\000\000\220B\000\000\300B\325\314\214Aq\2138\277\252\301\324>\034\375\r?\315\314L?\315\314L?\315\314L?\000\000\220B\000\000\300B\323\365hA+\225\225\276\260\367W?\315\235\346>\315\314L?\315\314L?\315\314L?\000\000\300A\000\000\300B\325\314\214AW\245+?\360\305\367> \365\017?\315\314L?\315\314L?\315\314L?\000\000\300A\000\000\300B\323\365hA:)\235>\275O^?\217]\307>\315\314L?\315\314L?\315\314L?\000\000\000\000\000\000\300B\325\314\214A(\315\023\277(\315\023?(\315\023?\315\314L?\315\314L?\315\314L?\000\000\220B\000\000\300B\252\231\031A\000\000\000\000\000\000\200?\000\000\000\000\315\314L?\315\314L?\315\314L?\000\000\300B\000\000\220B\317\365hA\261\231X?-\251\226\276\307\205\343>\315\314L?\315\314L?\315\314L?\000\000\300B\376\377\277A\317\314\214A\330\301\353>ak0?\0367\017?\315\314L?\315\314L?\315\314L?\000\000\300B\241m@\266\315\314\214A(\315\023?(\315\023\277(\315\023?\315\314L?\315\314L?\315\314L?\000\000\300B\377\377\277A\307\365hA\270\033\\?7a\233>\244=\322>\315\314L?\315\314L?\315\314L?\000\000\300B\000\000\220B\246\231\031A\000\000\200?\000\000\000\000\000\000\000\000\315\314L?\315\314L?\315\314L?\240\301\336A]f\250A\307\365hA\002\377\000?+}\025?F\355\"?\315\314L?\315\314L?\315\314L?\000\000pB\300i\021A\305\365hA\317\201g\274\214\025F?D\037\"?\315\314L?\315\314L?\315\314L?kH\242B\230n\240B\321\365hA\307\235\343\276\320-\350\276\213\275E?\315\314L?\315\314L?\315\314L?\000\342\036A\367kVB\314\365hA\215\217F?#q\221=A\213 ?\315\314L?\315\314L?\315\314L?\000\000pB\277i\021A\316\314\214Ag\2013\2744\307\031?\231\243L?\315\314L?\315\314L?\315\314L?\276\023\320*\345/\216\234\264\023\320\'(\315\023\277(\315\023\277(\315\023\277\315\314L?\315\314L?\315\314L?"
IndexBuffer: "\000\001\002\000\003\004\005\006\007\010\t\n\013\005\014\r\016\017\002\020\000\007\021\005\022\023\024\000\025\003\005\013\006\026\027\030\030\031\026\t\r\017\023\022\032\n\023\032\t\017\n\n\032\010\020\014\005\005\000\020\030\014\016\016\031\030\002\001\017\017\016\002\030\027\024\024\021\030\007\006\030\030\021\007\006\013\014\014\030\006\032\027\026\026\010\032\024\027\032\032\022\024\025\000\005\005\021\025\003\024\023\023\004\003\025\021\024\024\003\025\002\016\014\014\020\002\004\033\001\001\000\004\031\016\r\r\t\031\026\031\t\t\010\026\001\033\n\n\017\001\023\n\033\033\004\023"
