AEONMSH
Version: 1
Center {
  x: 1.5
  y: 0.3149999976158142
  z: -1.5
}
Radii {
  x: 1.5
  y: 0.3149999976158142
  z: 1.5
}
VertexFlags: 67
VertexCount: 30
IndexSize: 1
IndexCount: 120
VertexBuffer: "\000\000\300>m+#\255.\001\277\251\000\000\000\000l\0035?h\0035?\323\322\322>\323\322\322>\323\322\322>\000\000@@\000\000\000\000\000\000\000\000(\315\023?*\315\023?&\315\023?\323\322\322>\323\322\322>\323\322\322>\000\000@?\311\364Q\263\232\231\231\276\000\000\000\000\000\000\200?L\357.\264\323\322\322>\323\322\322>\323\322\322>\000\000@@\370\353Q\263\232\231\231\276j\0035?j\0035?\014c\367\263\323\322\322>\323\322\322>\323\322\322>\000\000@?po\334\263\256G!\277(\315\023?&\315\023?*\315\023\277\331\330X?\324\323S?\300\277??\000\000@?\000\000@\300\246G!\277(\315\023?*\315\023\277&\315\023\277\331\330X?\324\323S?\300\277??\000\000\300>\000\000@\300\246G!\277(\315\023\277*\315\023\277&\315\023\277\331\330X?\324\323S?\300\277??\000\000\300>!p\334\263\256G!\277(\315\023\277&\315\023?*\315\023\277\331\330X?\324\323S?\300\277??\000\000@@\000\000@\300\212\231\231\276j\0035?j\0035\277\014c\3673\323\322\322>\323\322\322>\323\322\322>\000\000@@\000\000@\300y3\0035(\315\023?&\315\023\277*\315\023?\323\322\322>\323\322\322>\323\322\322>\000\000@?\000\000@\300\212\231\231\276\000\000\000\000\000\000\200\277L\357.4\323\322\322>\323\322\322>\323\322\322>\000\000\300>\316r\300\263\315\314\014\2775]\232\276\316\215g?:]\232\276\331\330X?\324\323S?\300\277??\000\000@?q\360\321\263\232\231\031\2775]\232>\316\215g?:]\232\276\331\330X?\324\323S?\300\277??\000\000\300>\000\000@\300x3\0035\000\000\000\000h\0035\277l\0035?\323\322\322>\323\322\322>\323\322\322>\000\000@?\000\000@\300\222\231\031\2775]\232>\320\215g\2770]\232\276\331\330X?\324\323S?\300\277??\000\000\300>\000\000@\300\305\314\014\2775]\232\276\320\215g\2770]\232\276\331\330X?\324\323S?\300\277??\000\000\300>\000\000@\300x3\0035\000\000\000\000h\0035\277l\0035?\213\212\n?\266\2655?\223\222\222>1\3035-\000\000@\300w3\0035(\315\023\277&\315\023\277*\315\023?\213\212\n?\266\2655?\223\222\222>\022\2515-\000\000@\300\305\314\014\277(\315\023\277*\315\023\277&\315\023\277\213\212\n?\266\2655?\223\222\222>\000\000\300>\000\000@\300\305\314\014\2775]\232\276\320\215g\2770]\232\276\213\212\n?\266\2655?\223\222\222>\241\220\257*\207s\300\263\315\314\014\277(\315\023\277&\315\023?*\315\023\277\213\212\n?\266\2655?\223\222\222>\000\000\000\000E\0318\255\241o\332\251(\315\023\277*\315\023?&\315\023?\213\212\n?\266\2655?\223\222\222>\000\000\300>\316r\300\263\315\314\014\2775]\232\276\316\215g?:]\232\276\213\212\n?\266\2655?\223\222\222>\000\000\300>m+#\255.\001\277\251\000\000\000\000l\0035?h\0035?\213\212\n?\266\2655?\223\222\222>\000\000\300>\316r\300\263\315\314\014\2775]\232\276\316\215g?:]\232\276\323\322\322>\323\322\322>\323\322\322>\000\000@?q\360\321\263\232\231\031\2775]\232>\316\215g?:]\232\276\323\322\322>\323\322\322>\323\322\322>\000\000@@\000\000@\300\222\231\031\277(\315\023?*\315\023\277&\315\023\277\323\322\322>\323\322\322>\323\322\322>\000\000@?\000\000@\300\222\231\031\2775]\232>\320\215g\2770]\232\276\323\322\322>\323\322\322>\323\322\322>\000\000@@\365\353\321\263\232\231\031\277(\315\023?&\315\023?*\315\023\277\323\322\322>\323\322\322>\323\322\322>\000\000\300>\000\000@\300\305\314\014\2775]\232\276\320\215g\2770]\232\276\323\322\322>\323\322\322>\323\322\322>"
IndexBuffer: "\000\001\002\001\003\002\004\005\006\006\007\004\010\t\n\007\013\014\014\004\007\n\t\r\016\017\006\006\005\016\013\007\006\006\017\013\016\005\004\004\014\016\020\021\022\022\023\020\024\022\021\021\025\024\t\001\000\000\r\t\023\022\024\024\026\023\026\024\025\025\027\026\025\021\020\020\027\025\030\000\002\002\031\030\032\033\031\031\034\032\002\003\034\034\031\002\n\r\035\035\033\n\003\001\t\t\010\003\010\n\033\033\032\010\003\010\032\032\034\003"
