AEONMSH
Version: 1
Center {
  x: 48.0
  y: 47.9999984359614
  z: 10.080007553100586
}
Radii {
  x: 48.0
  y: 48.0000015640386
  z: 10.080007553100586
}
VertexFlags: 131
VertexCount: 27
IndexSize: 1
IndexCount: 150
VertexBuffer: "\000\000\300B\000\000\000\000\000\000\000\000(\315\023?(\315\023\277(\315\023\277\315\314L?\315\314L?\315\314L?\222\211\237/\000\000\250B\027\232e7j\0035\277\000\000\000\000j\0035\277\315\314L?\315\314L?\315\314L?\000\000@A\000\000\300Bz3\2037\000\000\000\000j\0035?j\0035\277\315\314L?\315\314L?\315\314L?\000\000\300A\000\000\300B\266G\241A(\315\023?(\315\023?(\315\023?\315\314L?\315\314L?\315\314L?\000\000@A\000\000\300B\266G\241A(\315\023\277(\315\023?(\315\023?\315\314L?\315\314L?\315\314L?\000\000@A\000\000\250B\265G\241A5]\232\2765]\232>\317\215g?\315\314L?\315\314L?\315\314L?\000\000\300A\000\000\220B\240\231\231A5]\232>5]\232\276\317\215g?\315\314L?\315\314L?\315\314L?\003\322\211/\000\000\220B\240\231\231A\317\215g\2775]\232\2765]\232>\315\314L?\315\314L?\315\314L?\031q4-\024\346Q\266\232\231\231A(\315\023\277(\315\023\277(\315\023?\315\314L?\315\314L?\315\314L?\000\000\300B\000\000\300B\242\231\231A(\315\023?(\315\023?(\315\023?\315\314L?\315\314L?\315\314L?\000\000\300A\000\000\300B\242\231\231A5]\232>\317\215g?5]\232>\315\314L?\315\314L?\315\314L?\000\000\300B\000\000\300B\252\231\031Aj\0035?j\0035?\000\000\000\000\315\314L?\315\314L?\315\314L?\000\000\300B\000\000\300By3\2037(\315\023?(\315\023?(\315\023\277\315\314L?\315\314L?\315\314L?\000\000\300A\000\000\300B\252\231\031A\000\000\000\000\000\000\200?\000\000\000\000\315\314L?\315\314L?\315\314L?\000\000\000\0004I\267/\227qZ,(\315\023\277(\315\023\277(\315\023\277\315\314L?\315\314L?\315\314L?\255\360\265/\000\000\300B{3\2037(\315\023\277(\315\023?(\315\023\277\315\314L?\315\314L?\315\314L?\366\\\211/\000\000\220B\246\231\031A\000\000\200\277\000\000\000\000\000\000\000\000\315\314L?\315\314L?\315\314L?\241\220\257,F\340\321\265\232\231\031Aj\0035\277j\0035\277\000\000\000\000\315\314L?\315\314L?\315\314L?\236\327\237/\000\000\250B\265G\241A(\315\023\277(\315\023?(\315\023?\315\314L?\315\314L?\315\314L?\003\322\211/\000\000\220B\264G\241A(\315\023\277(\315\023\277(\315\023?\315\314L?\315\314L?\315\314L?\000\000\300A\000\000\220B\264G\241A(\315\023?(\315\023\277(\315\023?\315\314L?\315\314L?\315\314L?\236\327\237/\000\000\250B\324\314\214A\317\215g\2775]\232>5]\232>\315\314L?\315\314L?\315\314L?\255\360\265/\000\000\300B\325\314\214A(\315\023\277(\315\023?(\315\023?\315\314L?\315\314L?\315\314L?\000\000@A\000\000\300B\325\314\214A5]\232\276\317\215g?5]\232>\315\314L?\315\314L?\315\314L?\000\000@A\000\000\250B\324\314\214A(\315\023\277(\315\023?(\315\023?\315\314L?\315\314L?\315\314L?\000\000\300B\353\353\321\265\232\231\031Aj\0035?j\0035\277\000\000\000\000\315\314L?\315\314L?\315\314L?\000\000\300B\365\353Q\266\232\231\231A(\315\023?(\315\023\277(\315\023?\315\314L?\315\314L?\315\314L?"
IndexBuffer: "\000\001\002\003\004\005\006\007\010\t\n\006\013\014\r\r\014\002\002\014\000\000\016\001\001\017\002\001\016\020\016\021\020\022\023\005\024\003\005\005\023\024\025\026\017\017\001\025\004\027\030\030\005\004\027\n\r\r\002\027\022\025\007\007\023\022\020\021\010\010\007\020\031\013\t\t\032\031\005\030\025\025\022\005\n\027\004\004\003\n\025\030\027\027\026\025\021\016\000\000\031\021\006\010\032\032\t\006\024\006\n\n\003\024\027\002\017\017\026\027\020\007\025\025\001\020\r\n\t\t\013\r\006\024\023\023\007\006\013\031\000\000\014\013\021\031\032\032\010\021"
