AEONMSH
Version: 1
Center {
  x: 1.5
  y: 0.3149999976158142
  z: -1.5
}
Radii {
  x: 1.5
  y: 0.3149999976158142
  z: 1.5
}
VertexFlags: 67
VertexCount: 29
IndexSize: 1
IndexCount: 114
VertexBuffer: "\004Z6?\203i\022\300\250G!\277\365m\372\276\371m\372\276q\3338\277\331\330X?\324\323S?\300\277??\263\263H>\256\335\352\277\251G!\277\257\231\327\276\033}\014\277p\3358\277\331\330X?\324\323S?\300\277??\000\000@@\001k\334\263\256G!\277(\315\023?&\315\023?*\315\023\277\331\330X?\324\323S?\300\277??\263\263H>\256\335\352\277\225\231\031\277\302\311\340\276\'{\022\277aQ1\277\323\322\322>\323\322\322>\323\322\322>\004Z6?\203i\022\300\224\231\031\277\005\217\002\277\007\217\002\277bS1\277\323\322\322>\323\322\322>\323\322\322>r}7-\000\000@\300\222\231\031\277(\315\023\277*\315\023\277&\315\023\277\323\322\322>\323\322\322>\323\322\322>\004Z6?\203i\022\300\224\231\031\277\005\217\002\277\007\217\002\277bS1\277\331\330X?\324\323S?\300\277??\263\263H>\256\335\352\277\225\231\031\277\302\311\340\276\'{\022\277aQ1\277\331\330X?\324\323S?\300\277??r}7-\000\000@\300\212\231\231\276j\0035\277j\0035\277\014c\3673\331\330X?\324\323S?\300\277??r}7-\000\000@\300y3\0035(\315\023\277&\315\023\277*\315\023?\331\330X?\324\323S?\300\277??\000\000\000\000a\032\332\277\221\231\231\276\000\000\200\277\000\000\000\000\000\000\000\000\331\330X?\324\323S?\300\277??\000\000@@\000\000@\300y3\0035(\315\023?&\315\023\277*\315\023?\331\330X?\324\323S?\300\277??\237\345\245?\000\000@\300\212\231\231\276\000\000\000\000\000\000\200\277L\357.4\331\330X?\324\323S?\300\277??\237\345\245?\000\000@\300\222\231\031\277\314\321e\276\353\261u\277P\301,\276\331\330X?\324\323S?\300\277??\000\000@@\000\000@\300\246G!\277(\315\023?*\315\023\277&\315\023\277\331\330X?\324\323S?\300\277??\000\000\000\000b\032\332\277\251G!\277d\0172\277\200Y\276\276:c\035\277\331\330X?\324\323S?\300\277??\000\000\000\000b\032\332\277\225\231\031\277\353\261u\277\316\321e\276X\301,\276\331\330X?\324\323S?\300\277??\261\016\034)\364j\334\263\256G!\277(\315\023\277&\315\023?*\315\023\277\331\330X?\324\323S?\300\277??\261\016\034)\332/\216\231\245\023\320\244(\315\023\277*\315\023?&\315\023?\331\330X?\324\323S?\300\277??\237\345\245?\000\000@\300\246G!\277}Y\276\276f\0172\2779c\035\277\331\330X?\324\323S?\300\277??S\"\225?\274t3\300\246G!\277\031}\014\277\263\231\327\276q\3358\277\331\330X?\324\323S?\300\277??S\"\225?\274t3\300\222\231\031\277%{\022\277\306\311\340\276bQ1\277\331\330X?\324\323S?\300\277??\000\000@@\257\023\320\251\302\n\320\244(\315\023?*\315\023?&\315\023?\331\330X?\324\323S?\300\277??\237\345\245?\000\000@\300\222\231\031\277\314\321e\276\353\261u\277P\301,\276\323\322\322>\323\322\322>\323\322\322>S\"\225?\274t3\300\222\231\031\277%{\022\277\306\311\340\276bQ1\277\323\322\322>\323\322\322>\323\322\322>\000\000\000\000b\032\332\277\225\231\031\277\353\261u\277\316\321e\276X\301,\276\323\322\322>\323\322\322>\323\322\322>r}7-\000\000@\300\212\231\231\276j\0035\277j\0035\277\014c\3673\323\322\322>\323\322\322>\323\322\322>\237\345\245?\000\000@\300\212\231\231\276\000\000\000\000\000\000\200\277L\357.4\323\322\322>\323\322\322>\323\322\322>\000\000\000\000a\032\332\277\221\231\231\276\000\000\200\277\000\000\000\000\000\000\000\000\323\322\322>\323\322\322>\323\322\322>"
IndexBuffer: "\000\001\002\003\004\005\000\006\007\007\001\000\010\t\n\013\014\r\r\016\013\017\020\021\n\t\022\001\007\020\020\017\001\023\016\r\013\t\014\t\010\014\024\025\006\006\000\024\002\016\024\016\023\024\017\021\001\001\021\002\002\024\000\002\021\022\022\026\002\027\005\030\031\003\005\004\030\005\021\020\n\n\022\021\002\026\013\013\016\002\013\026\022\022\t\013\023\r\025\025\024\023\032\005\027\027\033\032\034\031\005\005\032\034"
