AEONMSH
Version: 1
Center {
  x: 48.0
  y: 47.999995698894054
  z: 26.400007247924805
}
Radii {
  x: 48.0
  y: 48.000004301105946
  z: 26.400007247924805
}
VertexFlags: 67
VertexCount: 8
IndexSize: 1
IndexCount: 36
VertexBuffer: "\000\000\300B\000\000\300By3\2037(\315\023?(\315\023?(\315\023\277\315\314L?\315\314L?\315\314L?\000\000\300B\240\023\320+\327/\216 (\315\023?(\315\023\277(\315\023\277\315\314L?\315\314L?\315\314L?\240\023\320+\000\000\000\000\000\000\000\000(\315\023\277(\315\023\277(\315\023\277\315\314L?\315\314L?\315\314L?\000\000\000\000\000\000\300By3\2037(\315\023\277(\315\023?(\315\023\277\315\314L?\315\314L?\315\314L?\000\000\300B6R\020\26733SB(\315\023?(\315\023\277(\315\023?\315\314L?\315\314L?\315\314L?\240\023\320+8R\020\26733SB(\315\023\277(\315\023\277(\315\023?\315\314L?\315\314L?\315\314L?\000\000\300B\377\377\277B73SB(\315\023?(\315\023?(\315\023?\315\314L?\315\314L?\315\314L?\000\000\000\000\377\377\277B73SB(\315\023\277(\315\023?(\315\023?\315\314L?\315\314L?\315\314L?"
IndexBuffer: "\000\001\002\002\003\000\004\005\002\002\001\004\004\001\000\000\006\004\007\006\000\000\003\007\006\007\005\005\004\006\005\007\003\003\002\005"
