AEONMSH
Version: 1
Center {
  x: 1.5
  y: 0.2750000059604645
  z: -1.5
}
Radii {
  x: 1.5
  y: 0.2750000059604645
  z: 1.5
}
VertexFlags: 67
VertexCount: 28
IndexSize: 1
IndexCount: 156
VertexBuffer: "\347R\030@u<\226\277\rSM4%{\022?\306\311\340>bS1?\331\330X?\324\323S?\300\277??\265\303\007@,\361`\2770\266\0314\005\217\002?\007\217\002?bQ1?\331\330X?\324\323S?\300\277??\030\026j)\000\000@\300y3\0035(\315\023\277&\315\023\277*\315\023?\331\330X?\324\323S?\300\277??\213\303\351?e\264\036\277\313\314\014\277\302\311\340>#{\022?eS1\277\331\330X?\324\323S?\300\277??\265\303\007@.\361`\277\313\314\014\277\005\217\002?\003\217\002?dQ1\277\331\330X?\324\323S?\300\277??\030\026j)\000\000@\300\305\314\014\277(\315\023\277*\315\023\277&\315\023\277\331\330X?\324\323S?\300\277??l[>@Z\360&\300\322&\3444n\r7?\221\301\300=cS1?\331\330X?\324\323S?\300\277??l[>@Z\360&\300\306\314\014\277n\r7?s\301\300=cS1\277\331\330X?\324\323S?\300\277??:u9@{N\016\300\307\314\014\277eW2?v!?>dQ1\277\331\330X?\324\323S?\300\277??:u9@{N\016\300\272|\3024eW2?\206!?>bQ1?\331\330X?\324\323S?\300\277??\215b1@\264\014\355\277\310\314\014\277U\225*?\027M\215>dS1\277\331\330X?\324\323S?\300\277??\215b1@\263\014\355\2777\374\2414U\225*?\037M\215>bS1?\331\330X?\324\323S?\300\277??\000\000\000\000\000\000\000\000\000\000\000\000\037K\017\2774\377\030?$\357\022?\331\330X?\324\323S?\300\277??\013}\310>?@\322\2743\254\2171\202\301\300=p\r7?aQ1?\331\330X?\324\323S?\300\277??\000\000@@\000\000@\300y3\00352\377\030?\035K\017\277(\357\022?\331\330X?\324\323S?\300\277??\361F&@\000\000\300\277y3\2034@\345\037?u\241\270>bQ1?\331\330X?\324\323S?\300\277??\213\303\351?c\264\036\277\352\345\3303\302\311\340>\'{\022?aS1?\331\330X?\324\323S?\300\277??\000\000\300?\374\310\315\276\367\236\2143q\241\270>B\345\037?aQ1?\331\330X?\324\323S?\300\277??M\363\222?w\327i\276\010\313\0373\033M\215>W\225*?aQ1?\331\330X?\324\323S?\300\277??\343\305F?KZ\321\275\020\017\2172~!?>gW2?aQ1?\331\330X?\324\323S?\300\277??\000\000@@\000\000@\300\305\314\014\2772\377\030?!K\017\277$\357\022\277\331\330X?\324\323S?\300\277??\000\000\000\000\241m\300\263\315\314\014\277\037K\017\2770\377\030?(\357\022\277\331\330X?\324\323S?\300\277??\013}\310>o@\322\274\315\314\014\277\202\301\300=l\r7?eQ1\277\331\330X?\324\323S?\300\277??\343\305F?WZ\321\275\315\314\014\277~!?>cW2?eQ1\277\331\330X?\324\323S?\300\277??M\363\222?}\327i\276\314\314\014\277\033M\215>S\225*?eQ1\277\331\330X?\324\323S?\300\277??\000\000\300?\377\310\315\276\314\314\014\277q\241\270>>\345\037?eQ1\277\331\330X?\324\323S?\300\277??\347R\030@v<\226\277\312\314\014\277%{\022?\276\311\340>dS1\277\331\330X?\324\323S?\300\277??\361F&@\001\000\300\277\311\314\014\277@\345\037?m\241\270>dQ1\277\331\330X?\324\323S?\300\277??"
IndexBuffer: "\000\001\002\003\004\005\006\007\010\010\t\006\t\010\n\n\013\t\014\002\r\016\006\002\t\013\002\017\000\002\001\020\002\021\022\002\023\r\002\002\006\t\013\017\002\020\021\002\023\002\022\024\005\007\025\026\005\027\030\005\031\003\005\004\032\005\033\n\005\010\007\005\005\026\027\030\031\005\032\033\005\010\005\n\016\002\005\005\024\016\r\026\025\025\014\r\023\027\026\026\r\023\022\030\027\027\023\022\021\031\030\030\022\021\020\003\031\031\021\020\001\004\003\003\020\001\000\032\004\004\001\000\017\033\032\032\000\017\013\n\033\033\017\013\016\024\007\007\006\016\005\002\014\014\025\005"
