AEONMSH
Version: 1
Center {
  x: 1.5
  y: 0.824999988079071
  z: -1.5
}
Radii {
  x: 1.5
  y: 0.824999988079071
  z: 1.5
}
VertexFlags: 67
VertexCount: 8
IndexSize: 1
IndexCount: 36
VertexBuffer: "\000\000@@\000\000@\300y3\0035(\315\023?&\315\023\277*\315\023?\331\330X?\324\323S?\300\277??\000\000@@\240\023P\251\327/\016\036(\315\023?*\315\023?&\315\023?\331\330X?\324\323S?\300\277??\030\026j)\000\000\000\000\000\000\000\000(\315\023\277*\315\023?&\315\023?\331\330X?\324\323S?\300\277??\000\000\000\000\000\000@\300y3\0035(\315\023\277&\315\023\277*\315\023?\331\330X?\324\323S?\300\277??\000\000\000\000\000\000@\300\305\314\014\277\"\337\020\277G\t#\277\n\007\006\277\331\330X?\324\323S?\300\277??\000\000@@\000\000@\300\305\314\014\2779\177\034?:\177\034\277\377\246\000\277\331\330X?\324\323S?\300\277??\030\026j)8R\220\26433\323\277\367\275\373\276\363\275\373>q\3677\277\331\330X?\324\323S?\300\277??\000\000@@\250m\300\263\315\314\014\277F\t#?!\337\020?\016\007\006\277\331\330X?\324\323S?\300\277??"
IndexBuffer: "\000\001\002\002\003\000\004\005\000\000\003\004\002\006\004\004\003\002\007\006\002\002\001\007\005\004\006\006\007\005\007\001\000\000\005\007"
