AEONMSH
Version: 1
Center {
  x: 89.58143997192383
  y: 6.418622282014894
  z: 10.080000877380533
}
Radii {
  x: 6.418560028076172
  y: 6.418625566495848
  z: 10.08000087738021
}
VertexFlags: 131
VertexCount: 8
IndexSize: 1
IndexCount: 36
VertexBuffer: "\000\000@E\nj\334\270\256G!D(\315\223A(\315\223\301(\315\223A\315\314L?\315\314L?\315\314L?f\3324E\347Z2C\256G!D\351it\301\351itAz\331\274A\315\314L?\315\314L?\315\314L?eS&E\364j\334\270\256G!D\227k\313\301\024\031\n\301\026;\213A\315\314L?\315\314L?\315\314L?\000\000@E\372\025\3520\030({.(\315\223A(\315\223\301(\315\223\301\315\314L?\315\314L?\315\314L?f\3324E\356Z2C\014\301\3637\351it\301\351itAz\331\274\301\315\314L?\315\314L?\315\314L?\000\000@E^e\315C\346Z\2148\024\031\nA\227k\313A\026;\213\301\315\314L?\315\314L?\315\314L?\000\000@E[e\315C\257G!D\024\031\nA\227k\313A\026;\213A\315\314L?\315\314L?\315\314L?eS&E\003\324\370\241c\0216-\227k\313\301\024\031\n\301\026;\213\301\315\314L?\315\314L?\315\314L?"
IndexBuffer: "\000\001\002\003\004\005\000\006\001\003\007\004\003\000\002\002\007\003\002\001\004\004\007\002\005\004\001\001\006\005\006\000\003\003\005\006"
