AEONMSH
Version: 1
Center {
  x: 48.0
  y: 47.999998566297904
  z: 8.800007820129395
}
Radii {
  x: 48.0
  y: 48.000001433702096
  z: 8.800007820129395
}
VertexFlags: 131
VertexCount: 26
IndexSize: 1
IndexCount: 144
VertexBuffer: "\000\000\300B\000\000\000\000\000\000\000\000(\315\023?(\315\023\277(\315\023\277\315\314L?\315\314L?\315\314L?\000\000\300B\000\000\300By3\2037(\315\023?(\315\023?(\315\023\277\315\314L?\315\314L?\315\314L?\000\000\300B\020\000\300A\236\231\031A\000\000\200?\000\000\000\000\000\000\000\000\315\314L?\315\314L?\315\314L?\000\000\300A/LbB\322\314\214A\022\303\010?\347\271s\276\237\245O?\315\314L?\315\314L?\315\314L?\350\377\2775\000\000\300B\325\314\214A(\315\023\277(\315\023?(\315\023?\315\314L?\315\314L?\315\314L?\000\000\300A^\230$B\321\314\214A\001W\000?\010\021\204>\247mS?\315\314L?\315\314L?\315\314L?J\014\032BtA\213B\317\365hAkQ\265>Uy*\277P\025(?\315\314L?\315\314L?\315\314L?\000\000\300A/LbB\315\365hAm[6?E}\242\276@= ?\315\314L?\315\314L?\315\314L?\000\000\300A^\230$B\312\365hAf\0333?qM\270><\377\035?\315\314L?\315\314L?\315\314L?\000\000@B\020\000\300A\307\365hA+Y\025>\211\221D??\257\037?\315\314L?\315\314L?\315\314L?\000\000\300B\017\000\300A\317\314\214AE\267\"?\374\025\376>/a\027?\315\314L?\315\314L?\315\314L?\000\000\300B\241m@\266\315\314\214A(\315\023?(\315\023\277(\315\023?\315\314L?\315\314L?\315\314L?\000\000\300B\020\000\300A\307\365hA\334\367m?\035e\216>\360\301w>\315\314L?\315\314L?\315\314L?\000\000\300B\000\000\220B\323\314\214A\004\355\001?Mg&\277\"\307\020?\315\314L?\315\314L?\315\314L?\000\000\300B\000\000\220B\317\365hA\301\217`?<\001\236\276yE\274>\315\314L?\315\314L?\315\314L?\000\000\300B\000\000\300B\325\314\214A(\315\023?(\315\023?(\315\023?\315\314L?\315\314L?\315\314L?\000\000\300B\000\000\220B\246\231\031A\000\000\200?\000\000\000\000\000\000\000\000\315\314L?\315\314L?\315\314L?\000\000\220B\000\000\234B\324\314\214A\000\000\000\000I\221$\277\210\027D?\315\314L?\315\314L?\315\314L?\000\000\000\000Z\333\300\265\315\314\214A(\315\023\277(\315\023\277(\315\023?\315\314L?\315\314L?\315\314L?\000\000@B\017\000\300A\317\314\214A\273\221\335=$\327\021?\241\217P?\315\314L?\315\314L?\315\314L?\000\000\220B\017\000\360A\320\314\214A\000\000\000\000\202!A?P\007(?\315\314L?\315\314L?\315\314L?J\014\032BtA\213B\323\314\214A5\241\232>#a\021\277\210\003D?\315\314L?\315\314L?\315\314L?\000\000\220B\020\000\360A\310\365hA\000\000\000\000I\221$?\210\027D?\315\314L?\315\314L?\315\314L?\000\000\220B\000\000\234B\320\365hA\000\000\000\000\202!A\277P\007(?\315\314L?\315\314L?\315\314L?\000\000\000\000\350\377\2775|\224\216*(\315\023\277(\315\023\277(\315\023\277\315\314L?\315\314L?\315\314L?\350\377\2775\000\000\300By3\2037(\315\023\277(\315\023?(\315\023\277\315\314L?\315\314L?\315\314L?"
IndexBuffer: "\000\001\002\003\004\005\006\007\010\010\t\006\n\013\014\r\016\017\020\002\001\021\r\017\022\013\023\n\024\013\013\024\023\021\017\004\025\021\004\022\023\005\003\025\004\022\005\004\026\014\016\016\027\026\020\001\017\017\016\020\002\014\013\013\000\002\020\016\014\014\002\020\027\021\025\025\006\027\013\022\030\030\000\013\r\021\027\027\016\r\026\027\006\006\t\026\025\003\007\007\006\025\003\005\010\010\007\003\005\023\t\t\010\005\031\030\022\022\004\031\023\024\026\026\t\023\026\024\n\n\014\026\004\017\001\001\031\004\030\031\001\001\000\030"
