AEONMSH
Version: 1
Center {
  x: 1.5
  y: 0.2750000059604645
  z: -1.5
}
Radii {
  x: 1.5
  y: 0.2750000059604645
  z: 1.5
}
VertexFlags: 67
VertexCount: 28
IndexSize: 1
IndexCount: 156
VertexBuffer: "\347R\030@u<\226\277\rSM4%{\022?\306\311\340>bS1?\213\212\n?\266\2655?\223\222\222>\265\303\007@,\361`\2770\266\0314\005\217\002?\007\217\002?bQ1?\213\212\n?\266\2655?\223\222\222>\240\023P)\000\000@\300y3\0035(\315\023\277&\315\023\277*\315\023?\213\212\n?\266\2655?\223\222\222>\213\303\351?e\264\036\277\313\314\014\277\302\311\340>#{\022?eS1\277\213\212\n?\266\2655?\223\222\222>\265\303\007@.\361`\277\313\314\014\277\005\217\002?\003\217\002?dQ1\277\213\212\n?\266\2655?\223\222\222>\240\023P)\000\000@\300\305\314\014\277(\315\023\277*\315\023\277&\315\023\277\213\212\n?\266\2655?\223\222\222>\000\000@@\000\000@\300y3\00352\377\030?\035K\017\277(\357\022?\213\212\n?\266\2655?\223\222\222>\000\000@@\000\000@\300\305\314\014\2772\377\030?!K\017\277$\357\022\277\213\212\n?\266\2655?\223\222\222>l[>@Z\360&\300\306\314\014\277n\r7?s\301\300=cS1\277\213\212\n?\266\2655?\223\222\222>l[>@Z\360&\300\322&\3444n\r7?\221\301\300=cS1?\213\212\n?\266\2655?\223\222\222>\000\000\000\000\000\000\000\000\000\000\000\000\037K\017\2774\377\030?$\357\022?\213\212\n?\266\2655?\223\222\222>\013}\310>?@\322\2743\254\2171\202\301\300=p\r7?aQ1?\213\212\n?\266\2655?\223\222\222>:u9@{N\016\300\272|\3024eW2?\206!?>bQ1?\213\212\n?\266\2655?\223\222\222>\215b1@\263\014\355\2777\374\2414U\225*?\037M\215>bS1?\213\212\n?\266\2655?\223\222\222>\361F&@\000\000\300\277y3\2034@\345\037?u\241\270>bQ1?\213\212\n?\266\2655?\223\222\222>\213\303\351?c\264\036\277\352\345\3303\302\311\340>\'{\022?aS1?\213\212\n?\266\2655?\223\222\222>\000\000\300?\374\310\315\276\367\236\2143q\241\270>B\345\037?aQ1?\213\212\n?\266\2655?\223\222\222>M\363\222?w\327i\276\010\313\0373\033M\215>W\225*?aQ1?\213\212\n?\266\2655?\223\222\222>\343\305F?KZ\321\275\020\017\2172~!?>gW2?aQ1?\213\212\n?\266\2655?\223\222\222>:u9@{N\016\300\307\314\014\277eW2?v!?>dQ1\277\213\212\n?\266\2655?\223\222\222>\000\000\000\000\241m\300\263\315\314\014\277\037K\017\2770\377\030?(\357\022\277\213\212\n?\266\2655?\223\222\222>\013}\310>o@\322\274\315\314\014\277\202\301\300=l\r7?eQ1\277\213\212\n?\266\2655?\223\222\222>\343\305F?WZ\321\275\315\314\014\277~!?>cW2?eQ1\277\213\212\n?\266\2655?\223\222\222>M\363\222?}\327i\276\314\314\014\277\033M\215>S\225*?eQ1\277\213\212\n?\266\2655?\223\222\222>\000\000\300?\377\310\315\276\314\314\014\277q\241\270>>\345\037?eQ1\277\213\212\n?\266\2655?\223\222\222>\347R\030@v<\226\277\312\314\014\277%{\022?\276\311\340>dS1\277\213\212\n?\266\2655?\223\222\222>\361F&@\001\000\300\277\311\314\014\277@\345\037?m\241\270>dQ1\277\213\212\n?\266\2655?\223\222\222>\215b1@\264\014\355\277\310\314\014\277U\225*?\027M\215>dS1\277\213\212\n?\266\2655?\223\222\222>"
IndexBuffer: "\000\001\002\003\004\005\006\007\010\010\t\006\n\002\013\006\t\002\014\r\002\016\000\002\001\017\002\020\021\002\022\013\002\002\t\014\r\016\002\017\020\002\022\002\021\t\010\023\023\014\t\007\005\010\024\025\005\026\027\005\030\003\005\004\031\005\032\033\005\023\010\005\005\025\026\027\030\005\031\032\005\023\005\033\005\002\n\n\024\005\022\026\025\025\013\022\021\027\026\026\022\021\020\030\027\027\021\020\017\003\030\030\020\017\001\004\003\003\017\001\000\031\004\004\001\000\016\032\031\031\000\016\r\033\032\032\016\r\014\023\033\033\r\014\013\025\024\024\n\013\006\002\005\005\007\006"
