AEONMSH
Version: 1
Center {
  x: 48.0
  y: 47.99999835775952
  z: 10.08000755310107
}
Radii {
  x: 48.0
  y: 48.00000164224048
  z: 10.080007553100101
}
VertexFlags: 67
VertexCount: 28
IndexSize: 1
IndexCount: 156
VertexBuffer: "\344\333\250.\201j\\\266\256G\241A(\315\023\277(\315\023\277(\315\023?\315\314L?\315\314L?\315\314L?\037Y:@\021Y:@\256G\241A\n\351\004?\n\351\004?\\\311-?\315\314L?\315\314L?\315\314L?\322o\247.Y\253\244@\256G\241Az\t\275\276\177\253??\032\355\014?\315\314L?\315\314L?\315\314L?\2417\246.6\223sB\270G!A\000\000\200\277\000\000\000\000\000\000\000\000\315\314L?\315\314L?\315\314L?\000\000\000\000\000\000\300By3\2037(\315\023\277(\315\023?(\315\023\277\315\314L?\315\314L?\315\314L?\344\333\250.\311\325\346-\"\020\251+(\315\023\277(\315\023\277(\315\023\277\315\314L?\315\314L?\315\314L?\000\000\300B\000\000\300B\266G\241A(\315\023?(\315\023?(\315\023?\315\314L?\315\314L?\315\314L?\000\000@AZ\261_B\263G\241AZ\321\254\276+\255\025\277z\331<?\315\314L?\315\314L?\315\314L?Di\023BCi\023B\261G\241A\351i\364\276\351i\364\276z\331<?\315\314L?\315\314L?\315\314L?`\253\244@\032j\334\265\256G!A\000\000\000\000\000\000\200\277\000\000\000\000\315\314L?\315\314L?\315\314L?6\223sB\024j\334\265\256G!A\000\000\000\000\000\376\177\277\000\000\000\000\315\314L?\315\314L?\315\314L?6\223sB\316\353Q\266\232\231\231A\010\351\203\276\343}q\277\254)V>\315\314L?\315\314L?\315\314L?[\261_B\375\377?A\233\231\231AF\307\"\277x\365\273\276\\\311-?\315\314L?\315\314L?\315\314L?`\253\244@\210\353Q\266\232\231\231A\031\205\214>\250\311S\277\366\361\372>\315\314L?\315\314L?\315\314L?\2417\246.5\223sB\237\231\231A\343}q\277\010\351\203\276\254)V>\315\314L?\315\314L?\315\314L?\321\323\246.Y\253\244@\232\231\231A\250\311S\277\031\205\214>\366\361\372>\315\314L?\315\314L?\315\314L?\000\000@AZ\261_B\237\231\231Ax\365\273\276F\307\"\277\\\311-?\315\314L?\315\314L?\315\314L?`\253\244@\207j\\\266\256G\241A\177\253??z\t\275\276\032\355\014?\315\314L?\315\314L?\315\314L?\343?\250.]\253\244@\257G!A\000\000\200\277\000\000\000\000\000\000\000\000\315\314L?\315\314L?\315\314L?\301\237\246.5\223sB\263G\241AT%*\277\307]\343\2764\321\031?\315\314L?\315\314L?\315\314L?\216/\244.\000\000\300B\266G\241A(\315\023\277(\315\023?(\315\023?\315\314L?\315\314L?\315\314L?[\261_B\375\377?A\257G\241A+\255\025\277Z\325\254\276z\331<?\315\314L?\315\314L?\315\314L?6\223sB\315j\\\266\256G\241A\307]\343\276T%*\2774\321\031?\315\314L?\315\314L?\315\314L?\000\000\300B\364j\\\266\256G\241A(\315\023?(\315\023\277(\315\023?\315\314L?\315\314L?\315\314L?\000\000\300B\332\236:\240\355\214\210+(\315\023?(\315\023\277(\315\023\277\315\314L?\315\314L?\315\314L?\000\000\300B\000\000\300By3\2037(\315\023?(\315\023?(\315\023\277\315\314L?\315\314L?\315\314L?\037Y:@\022Y:@\232\231\231A\351i\364>\351i\364>z\331<?\315\314L?\315\314L?\315\314L?Di\023BCi\023B\235\231\231A\n\351\004\277\n\351\004\277\\\311-?\315\314L?\315\314L?\315\314L?"
IndexBuffer: "\000\001\002\003\004\005\006\007\010\t\005\n\013\014\r\016\017\020\000\021\001\000\002\017\000\017\022\023\024\016\005\000\022\005\022\003\025\026\027\027\006\025\024\023\007\010\025\006\024\007\006\027\026\013\021\000\r\t\r\000\t\000\005\030\n\005\031\030\005\005\004\031\001\021\r\r\032\001\017\032\033\033\020\017\n\030\027\027\013\n\003\022\017\017\016\003\010\007\020\020\033\010\032\017\002\002\001\032\025\010\033\033\014\025\003\016\024\024\004\003\033\032\r\r\014\033\t\n\013\013\r\t\016\020\007\007\023\016\030\031\006\006\027\030\014\013\026\026\025\014\024\006\031\031\004\024"
