AEONMSH
Version: 1
Center {
  x: 48.0
  y: 47.9999984359614
  z: 10.080007553100586
}
Radii {
  x: 48.0
  y: 48.0000015640386
  z: 10.080007553100586
}
VertexFlags: 131
VertexCount: 19
IndexSize: 1
IndexCount: 102
VertexBuffer: "\000\000\300A\000\000\220B\240\231\231A5]\232>5]\232\276\317\215g?\315\314L?\315\314L?\315\314L?\n\305\211/\000\000\220B\240\231\231A\317\215g\2775]\232\2765]\232>\315\314L?\315\314L?\315\314L?\031q4-\017\346Q\266\232\231\231A(\315\023\277(\315\023\277(\315\023?\315\314L?\315\314L?\315\314L?\000\000\300B\000\000\300B\242\231\231A(\315\023?(\315\023?(\315\023?\315\314L?\315\314L?\315\314L?\000\000\300A\000\000\300B\242\231\231A5]\232>\317\215g?5]\232>\315\314L?\315\314L?\315\314L?\000\000\300A\000\000\300B\266G\241A(\315\023?(\315\023?(\315\023?\315\314L?\315\314L?\315\314L?_\352\265/\000\000\300B\266G\241A(\315\023\277(\315\023?(\315\023?\315\314L?\315\314L?\315\314L?\000\000\300A\000\000\300B\252\231\031A\000\000\000\000\000\376\177?\000\000\000\000\315\314L?\315\314L?\315\314L?\000\000\300B\000\000\300B\252\231\031Aj\0035?j\0035?\000\000\000\000\315\314L?\315\314L?\315\314L?\000\000\300B\000\000\300By3\2037(\315\023?(\315\023?(\315\023\277\315\314L?\315\314L?\315\314L?_\352\265/\000\000\300B{3\2037(\315\023\277(\315\023?(\315\023\277\315\314L?\315\314L?\315\314L?\n\305\211/\000\000\220B\264G\241A(\315\023\277(\315\023\277(\315\023?\315\314L?\315\314L?\315\314L?\000\000\000\000z\345\267/\230qZ,(\315\023\277(\315\023\277(\315\023\277\315\314L?\315\314L?\315\314L?\376O\211/\000\000\220B\246\231\031A\000\376\177\277\000\000\000\000\000\000\000\000\315\314L?\315\314L?\315\314L?\241\220\257,<\340\321\265\232\231\031Aj\0035\277j\0035\277\000\000\000\000\315\314L?\315\314L?\315\314L?\000\000\300A\000\000\220B\264G\241A(\315\023?(\315\023\277(\315\023?\315\314L?\315\314L?\315\314L?\000\000\300B\365\353Q\266\232\231\231A(\315\023?(\315\023\277(\315\023?\315\314L?\315\314L?\315\314L?\000\000\300B\353\353\321\265\232\231\031Aj\0035?j\0035\277\000\000\000\000\315\314L?\315\314L?\315\314L?\000\000\300B\000\000\000\000\000\000\000\000(\315\023?(\315\023\277(\315\023\277\315\314L?\315\314L?\315\314L?"
IndexBuffer: "\000\001\002\003\004\000\005\004\006\007\010\t\007\t\n\013\006\001\n\014\r\014\016\r\004\003\010\010\007\004\002\001\r\r\016\002\006\n\r\r\001\006\004\005\017\017\000\004\010\003\020\020\021\010\020\003\000\000\002\020\014\n\t\t\022\014\021\022\t\t\010\021\021\020\002\002\016\021\007\n\006\006\004\007\014\022\021\021\016\014\017\013\001\001\000\017\017\005\006\006\013\017"
