AEONMSH
Version: 1
Center {
  x: 48.0
  y: 47.99999835775952
  z: 10.080007553100586
}
Radii {
  x: 48.0
  y: 48.00000164224048
  z: 10.080007553100586
}
VertexFlags: 131
VertexCount: 28
IndexSize: 1
IndexCount: 156
VertexBuffer: "\000\000\300B\377\377\277A\236\231\031A\000\000\200?\000\000\000\000\000\000\000\000\315\314L?\315\314L?\315\314L?\000\000\300B\005\000\3005|3\203*(\315\023?(\315\023\277(\315\023\277\315\314L?\315\314L?\315\314L?\000\000\300B\000\000\300By3\2037(\315\023?(\315\023?(\315\023\277\315\314L?\315\314L?\315\314L?\000\000\220B\000\000\264B\266G\241A\r\261\206\276\367\251\373\276\251\203T?\315\314L?\315\314L?\315\314L?\000\000\300B\000\000\300B\266G\241A(\315\023?(\315\023?(\315\023?\315\314L?\315\314L?\315\314L?\000\000\000\000\000\000\300B\266G\241A(\315\023\277(\315\023?(\315\023?\315\314L?\315\314L?\315\314L?\000\000\000\000\000\000\300By3\2037(\315\023\277(\315\023?(\315\023\277\315\314L?\315\314L?\315\314L?\005\000\3005\000\000\000\000\000\000\000\000(\315\023\277(\315\023\277(\315\023\277\315\314L?\315\314L?\315\314L?!\000\3004\000\000\220B\246\231\031A\000\376\177\277\000\000\000\000\000\000\000\000\315\314L?\315\314L?\315\314L?\000\000\300B\000\000\220B\264G\241A(\315\023?(\315\023\277(\315\023?\315\314L?\315\314L?\315\314L?\000\000\300B\000\000\220B\240\231\231A\317\215g?5]\232\2765]\232>\315\314L?\315\314L?\315\314L?\000\000\300B\376\377\277A\260G\241A(\315\023?(\315\023?(\315\023?\315\314L?\315\314L?\315\314L?\000\000\300B\343\325\370\265\256G\241A(\315\023?(\315\023\277(\315\023?\315\314L?\315\314L?\315\314L?\000\000\300B\376\377\277A\234\231\231A\317\215g?5]\232>5]\232>\315\314L?\315\314L?\315\314L?\000\000\300B\000\000\220B\246\231\031A\000\000\200?\000\000\000\000\000\000\000\000\315\314L?\315\314L?\315\314L?\000\000\250B\000\000\220B\240\231\231A\r\261\206\276\367\251\373\276\251\203T?\315\314L?\315\314L?\315\314L?\000\000@A\000\000\220B\240\231\231A\r\261\206>\367\251\373\276\251\203T?\315\314L?\315\314L?\315\314L?!\000\3004\000\000\220B\240\231\231A\317\215g\2775]\232\2765]\232>\315\314L?\315\314L?\315\314L?\374\377\2175\376\377\277A\234\231\231A\317\215g\2775]\232>5]\232>\315\314L?\315\314L?\315\314L?\000\000\300A\000\000\264B\266G\241A\r\261\206>\367\251\373\276\251\203T?\315\314L?\315\314L?\315\314L?\005\000\3005\364j\\\266\256G\241A(\315\023\277(\315\023\277(\315\023?\315\314L?\315\314L?\315\314L?\374\377\2175\376\377\277A\260G\241A(\315\023\277(\315\023?(\315\023?\315\314L?\315\314L?\315\314L?!\000\3004\000\000\220B\264G\241A(\315\023\277(\315\023\277(\315\023?\315\314L?\315\314L?\315\314L?\374\377\2175\377\377\277A\236\231\031A\000\000\200\277\000\000\000\000\000\000\000\000\315\314L?\315\314L?\315\314L?\000\000\250B\000\000\220B\264G\241A}\211\276\276d\0052\277;]\035?\315\314L?\315\314L?\315\314L?\000\000\220B\000\000\264B\242\231\231A}\211\276\276d\0052\277;]\035?\315\314L?\315\314L?\315\314L?\000\000\300A\000\000\264B\242\231\231A}\211\276>d\0052\277;]\035?\315\314L?\315\314L?\315\314L?\000\000@A\000\000\220B\264G\241A}\211\276>d\0052\277;]\035?\315\314L?\315\314L?\315\314L?"
IndexBuffer: "\000\001\002\003\004\005\006\007\010\t\n\004\013\014\r\002\016\000\r\n\017\020\021\022\005\023\003\024\025\022\026\005\021\007\027\010\025\013\r\r\022\025\000\r\014\014\001\000\004\003\030\030\t\004\016\002\004\004\n\016\031\032\020\020\017\031\n\t\030\030\017\n\031\017\030\030\003\031\005\026\033\033\023\005\r\017\020\020\022\r\010\021\005\005\006\010\006\005\004\004\002\006\032\031\003\003\023\032\006\002\001\001\007\006\001\014\024\024\007\001\027\022\021\021\010\027\014\013\025\025\024\014\027\007\024\024\022\027\023\033\020\020\032\023\016\n\r\r\000\016\033\026\021\021\020\033"
