AEONMSH
Version: 1
Center {
  x: 1.3125
  y: 0.3149999976158142
  z: -1.3125
}
Radii {
  x: 1.3125
  y: 0.3149999976158142
  z: 1.3125
}
VertexFlags: 67
VertexCount: 23
IndexSize: 1
IndexCount: 90
VertexBuffer: "\000\000(@\364j\334\263\256G!\277(\315\023?&\315\023?*\315\023\277\331\330X?\324\323S?\300\277??\000\000(@\003\000\300\276\255G!\277(\315\023?*\315\023\277&\315\023\277\331\330X?\324\323S?\300\277??\000\000\300>\003\000\300\276\255G!\2775]\232>:]\232\276\316\215g\277\331\330X?\324\323S?\300\277??\000\000\000\000\213\r\017\253+\017\251\247(\315\023\277*\315\023?&\315\023?\331\330X?\324\323S?\300\277??\000\000\000\000<k\334\263\256G!\277(\315\023\277&\315\023?*\315\023\277\331\330X?\324\323S?\300\277??i\316\030+\000\000(\300\247G!\277(\315\023\277*\315\023\277&\315\023\277\331\330X?\324\323S?\300\277??i\316\030+\000\000(\300\024\232\3454(\315\023\277&\315\023\277*\315\023?\331\330X?\324\323S?\300\277??\000\000(@\003\000\300\276\231\231\031\277\317\215g?7]\232\2763]\232\276\331\330X?\324\323S?\300\277??\000\000(@\340\022\227\234\353\024\335\247(\315\023?*\315\023?&\315\023?\331\330X?\324\323S?\300\277??\000\000(@\000\000(\300\024\232\3454(\315\023?&\315\023\277*\315\023?\331\330X?\324\323S?\300\277??\000\000(@\002\000\300\276\230\231\231\276\000\000\200?\000\000\000\000\000\000\000\000\331\330X?\324\323S?\300\277??\000\000\300>\000\000(\300\223\231\031\2775]\232>\320\215g\2770]\232\276\331\330X?\324\323S?\300\277??\000\000\300>\000\000(\300\214\231\231\276\000\000\000\000\000\000\200\277L\357.4\331\330X?\324\323S?\300\277??\000\000(@\000\000(\300\214\231\231\276j\0035?j\0035\277\014c\3673\331\330X?\324\323S?\300\277??\000\000\300>\000\000(\300\247G!\277(\315\023?*\315\023\277&\315\023\277\331\330X?\324\323S?\300\277??\000\000\300>\003\000\300\276\231\231\031\277(\315\023?*\315\023\277&\315\023\277\331\330X?\324\323S?\300\277??\000\000(@\000\000(\300\214\231\231\276j\0035?j\0035\277\014c\3673\323\322\322>\323\322\322>\323\322\322>\000\000(@\000\000(\300\223\231\031\277(\315\023?*\315\023\277&\315\023\277\323\322\322>\323\322\322>\323\322\322>\000\000(@\003\000\300\276\231\231\031\277\317\215g?7]\232\2763]\232\276\323\322\322>\323\322\322>\323\322\322>\000\000(@\002\000\300\276\230\231\231\276\000\000\200?\000\000\000\000\000\000\000\000\323\322\322>\323\322\322>\323\322\322>\000\000\300>\003\000\300\276\231\231\031\277(\315\023?*\315\023\277&\315\023\277\323\322\322>\323\322\322>\323\322\322>\000\000\300>\000\000(\300\223\231\031\2775]\232>\320\215g\2770]\232\276\323\322\322>\323\322\322>\323\322\322>\000\000\300>\000\000(\300\214\231\231\276\000\000\000\000\000\000\200\277L\357.4\323\322\322>\323\322\322>\323\322\322>"
IndexBuffer: "\000\001\002\003\004\005\005\006\003\001\000\007\010\t\n\005\013\014\014\006\005\t\r\n\006\t\010\010\003\006\002\016\005\004\000\002\002\005\004\r\t\014\016\013\005\014\t\006\010\n\007\007\000\010\010\000\004\004\003\010\001\007\017\017\002\001\016\002\017\017\013\016\020\021\022\022\023\020\024\022\021\021\025\024\026\025\021\021\020\026"
