AEONMSH
Version: 1
Center {
  x: 42.0
  y: 41.99999835775952
  z: 10.080006599426344
}
Radii {
  x: 42.0
  y: 42.00000164224048
  z: 10.080006599426195
}
VertexFlags: 67
VertexCount: 17
IndexSize: 1
IndexCount: 90
VertexBuffer: "\000\000\250B\364j\\\266\256G\241A(\315\023?(\315\023\277(\315\023?\315\314L?\315\314L?\315\314L?\000\000\250B\375\377?A\257G\241A(\315\023?(\315\023?(\315\023?\315\314L?\315\314L?\315\314L?\000\000@A\375\377?A\257G\241A5]\232>5]\232>\317\215g?\315\314L?\315\314L?\315\314L?\000\000\250B\375\377?A\233\231\231A\317\215g?5]\232>5]\232>\315\314L?\315\314L?\315\314L?\000\000\250B\340\022\027\237\353\024]*(\315\023?(\315\023\277(\315\023\277\315\314L?\315\314L?\315\314L?\000\000\250B\000\000\250B\024\232e7(\315\023?(\315\023?(\315\023\277\315\314L?\315\314L?\315\314L?\000\000\250B\376\377?A\234\231\031A\000\000\200?\000\000\000\000\000\000\000\000\315\314L?\315\314L?\315\314L?\000\000\250B\000\000\250B\250\231\031Aj\0035?j\0035?\000\000\000\000\315\314L?\315\314L?\315\314L?\000\000@A\000\000\250B\265G\241A(\315\023?(\315\023?(\315\023?\315\314L?\315\314L?\315\314L?i\316\230-\000\000\250B\265G\241A(\315\023\277(\315\023?(\315\023?\315\314L?\315\314L?\315\314L?\000\000\000\000\254j\\\266\256G\241A(\315\023\277(\315\023\277(\315\023?\315\314L?\315\314L?\315\314L?\000\000@A\000\000\250B\250\231\031A\000\000\000\000\000\000\200?\000\000\000\000\315\314L?\315\314L?\315\314L?\000\000@A\000\000\250B\241\231\231A5]\232>\317\215g?5]\232>\315\314L?\315\314L?\315\314L?i\316\230-\000\000\250B\024\232e7(\315\023\277(\315\023?(\315\023\277\315\314L?\315\314L?\315\314L?\000\000\250B\000\000\250B\241\231\231A(\315\023?(\315\023?(\315\023?\315\314L?\315\314L?\315\314L?\000\000\000\000\213\r\217-\263\020)*(\315\023\277(\315\023\277(\315\023\277\315\314L?\315\314L?\315\314L?\000\000@A\375\377?A\233\231\231A(\315\023?(\315\023?(\315\023?\315\314L?\315\314L?\315\314L?"
IndexBuffer: "\000\001\002\001\000\003\004\005\006\005\007\006\002\010\t\n\000\002\002\t\n\007\005\013\010\014\t\013\005\r\013\014\016\016\007\013\017\004\000\000\n\017\002\001\003\003\020\002\013\r\t\t\014\013\n\t\r\r\017\n\006\007\016\016\003\006\014\010\002\002\020\014\000\004\006\006\003\000\017\r\005\005\004\017\020\003\016\016\014\020"
