AEONMSH
Version: 1
Center {
  x: 48.0
  y: 47.99999835775952
  z: 10.080004692077638
}
Radii {
  x: 48.0
  y: 48.00000164224048
  z: 10.080004692077635
}
VertexFlags: 131
VertexCount: 24
IndexSize: 1
IndexCount: 132
VertexBuffer: "\356\224\200B\022\'\023B\235\231\231A\033Q\215\276U\225*?cQ1?\315\314L?\315\314L?\315\314L?\000\000\250B\006\010:B\236\231\231Aq\241\270\276@\345\037?cS1?\315\314L?\315\314L?\315\314L?\000\000\300B\000\000\300B\242\231\231A(\315\023?(\315\023?(\315\023?\315\314L?\315\314L?\315\314L?\000\000\300B\347j\\\266\256G\241A(\315\023?(\315\023\277(\315\023?\315\314L?\315\314L?\315\314L?)\355-B\251\313\355A\261G\241AoQ7\276V\r+?r\3338?\315\314L?\315\314L?\315\314L?F\235\214/\364j\\\266\256G\241A(\315\023\277(\315\023\277(\315\023?\315\314L?\315\314L?\315\314L?0\231\213/\000\000\300B\242\231\231A(\315\023\277(\315\023?(\315\023?\315\314L?\315\314L?\315\314L?\000\000\000\000\376\377\277A\234\231\231A\323Ui\2770\351\227>$\341\221>\315\314L?\315\314L?\315\314L?em\257Az\177\313A\234\231\231A\202\301\300\275n\r7?cQ1?\315\314L?\315\314L?\315\314L?)\355-B\251\313\355A\235\231\231A~!?\276eW2?cQ1?\315\314L?\315\314L?\315\314L?\000\000\300B`\032ZB\237\231\231A\254\351U?#\205\221>\341\245\360>\315\314L?\315\314L?\315\314L?\000\000\300B\000\000\300By3\2037(\315\023?(\315\023?(\315\023\277\315\314L?\315\314L?\315\314L?\000\000\300B\000\000\300B\252\231\031Aj\0035?j\0035?\000\000\000\000\315\314L?\315\314L?\315\314L?\000\000\300Ba\032ZB\243\231\031A\000\000\200?\000\000\000\000\000\000\000\000\315\314L?\315\314L?\315\314L?\000\000\300B`\032ZB\263G\241A\222)\311>x+<?\033s\r?\315\314L?\315\314L?\315\314L?\000\000\300B\257\023P,\210\034P\'(\315\023?(\315\023\277(\315\023\277\315\314L?\315\314L?\315\314L?\000\000\250B\006\010:B\262G\241Ab\025\261\2763]\031?r\3338?\315\314L?\315\314L?\315\314L?\356\224\200B\022\'\023B\261G\241A\017\211\207\276G\233#?r\3358?\315\314L?\315\314L?\315\314L?\000\000\000\000\376\377\277A\260G\241A0\027\030\277\035q\016?)\263\024?\315\314L?\315\314L?\315\314L?em\257Az\177\313A\260G\241Ar\341\270\275_\221/?r\3338?\315\314L?\315\314L?\315\314L?F\235\214.\377\377\277A\236\231\031A\000\000\200\277\000\000\000\000\000\000\000\000\315\314L?\315\314L?\315\314L?0\231\213/\000\000\300B\252\231\031Aj\0035\277j\0035?\000\000\000\000\315\314L?\315\314L?\315\314L?0\231\213/\000\000\300By3\2037(\315\023\277(\315\023?(\315\023\277\315\314L?\315\314L?\315\314L?F\235\214/\267\323x\235+\021\266((\315\023\277(\315\023\277(\315\023\277\315\314L?\315\314L?\315\314L?"
IndexBuffer: "\000\001\002\003\004\005\002\006\000\007\010\006\t\000\006\001\n\002\006\010\t\013\014\r\n\016\003\017\013\r\003\016\020\003\020\021\022\005\023\023\005\004\003\021\004\024\025\026\005\022\007\024\026\027\004\021\000\000\t\004\r\014\002\002\n\r\017\003\005\005\027\017\005\007\024\024\027\005\014\013\026\026\025\014\026\013\017\017\027\026\r\n\003\003\017\r\025\006\002\002\014\025\022\023\010\010\007\022\021\020\001\001\000\021\020\016\n\n\001\020\025\024\007\007\006\025\023\004\t\t\010\023"
