AEONMSH
Version: 1
Center {
  x: 1.5
  y: 0.824999988079071
  z: -1.5
}
Radii {
  x: 1.5
  y: 0.824999988079071
  z: 1.5
}
VertexFlags: 67
VertexCount: 28
IndexSize: 1
IndexCount: 156
VertexBuffer: "\213\303\351?h\264\036\27723\323\277\302\311\340>#{\022?eS1\277\213\212\n?\266\2655?\223\222\222>\265\303\007@1\361`\27723\323\277\005\217\002?\003\217\002?dQ1\277\213\212\n?\266\2655?\223\222\222>\240\023P)\001\000@\300/3\323\277(\315\023\277*\315\023\277&\315\023\277\213\212\n?\266\2655?\223\222\222>\347R\030@u<\226\277\rSM4%{\022?\306\311\340>bS1?\213\212\n?\266\2655?\223\222\222>\265\303\007@,\361`\2770\266\0314\005\217\002?\007\217\002?bQ1?\213\212\n?\266\2655?\223\222\222>\240\023P)\000\000@\300y3\0035(\315\023\277&\315\023\277*\315\023?\213\212\n?\266\2655?\223\222\222>\000\000@@\001\000@\300/3\323\2772\377\030?!K\017\277$\357\022\277\213\212\n?\266\2655?\223\222\222>l[>@[\360&\300/3\323\277n\r7?s\301\300=cS1\277\213\212\n?\266\2655?\223\222\222>\000\000\000\0008R\220\26433\323\277\037K\017\2770\377\030?(\357\022\277\213\212\n?\266\2655?\223\222\222>\013}\310>\317@\322\27433\323\277\202\301\300=l\r7?eQ1\277\213\212\n?\266\2655?\223\222\222>\343\305F?oZ\321\27533\323\277~!?>cW2?eQ1\277\213\212\n?\266\2655?\223\222\222>M\363\222?\211\327i\27633\323\277\033M\215>S\225*?eQ1\277\213\212\n?\266\2655?\223\222\222>\000\000\300?\005\311\315\27623\323\277q\241\270>>\345\037?eQ1\277\213\212\n?\266\2655?\223\222\222>\347R\030@w<\226\27713\323\277%{\022?\276\311\340>dS1\277\213\212\n?\266\2655?\223\222\222>\361F&@\002\000\300\27713\323\277@\345\037?m\241\270>dQ1\277\213\212\n?\266\2655?\223\222\222>\215b1@\265\014\355\27703\323\277U\225*?\027M\215>dS1\277\213\212\n?\266\2655?\223\222\222>:u9@|N\016\30003\323\277eW2?v!?>dQ1\277\213\212\n?\266\2655?\223\222\222>\013}\310>?@\322\2743\254\2171\202\301\300=p\r7?aQ1?\213\212\n?\266\2655?\223\222\222>\000\000\000\000\000\000\000\000\000\000\000\000\037K\017\2774\377\030?$\357\022?\213\212\n?\266\2655?\223\222\222>\000\000@@\000\000@\300y3\00352\377\030?\035K\017\277(\357\022?\213\212\n?\266\2655?\223\222\222>l[>@Z\360&\300\322&\3444n\r7?\221\301\300=cS1?\213\212\n?\266\2655?\223\222\222>:u9@{N\016\300\272|\3024eW2?\206!?>bQ1?\213\212\n?\266\2655?\223\222\222>\215b1@\263\014\355\2777\374\2414U\225*?\037M\215>bS1?\213\212\n?\266\2655?\223\222\222>\361F&@\000\000\300\277y3\2034@\345\037?u\241\270>bQ1?\213\212\n?\266\2655?\223\222\222>\213\303\351?c\264\036\277\352\345\3303\302\311\340>\'{\022?aS1?\213\212\n?\266\2655?\223\222\222>\000\000\300?\374\310\315\276\367\236\2143q\241\270>B\345\037?aQ1?\213\212\n?\266\2655?\223\222\222>M\363\222?w\327i\276\010\313\0373\033M\215>W\225*?aQ1?\213\212\n?\266\2655?\223\222\222>\343\305F?KZ\321\275\020\017\2172~!?>gW2?aQ1?\213\212\n?\266\2655?\223\222\222>"
IndexBuffer: "\000\001\002\003\004\005\006\002\007\010\t\002\n\013\002\014\000\002\001\r\002\016\017\002\020\007\002\002\t\n\013\014\002\r\016\002\020\002\017\021\t\010\010\022\021\022\005\021\023\024\005\025\026\005\027\003\005\004\030\005\031\032\005\033\021\005\005\024\025\026\027\005\030\031\005\033\005\032\033\n\t\t\021\033\002\005\022\022\010\002\024\007\020\020\025\024\025\020\017\017\026\025\026\017\016\016\027\026\027\016\r\r\003\027\003\r\001\001\004\003\004\001\000\000\030\004\030\000\014\014\031\030\031\014\013\013\032\031\032\013\n\n\033\032\023\006\007\007\024\023\023\005\002\002\006\023"
