AEONMSH
Version: 1
Center {
  x: 1.5
  y: 0.824999988079071
  z: -1.5
}
Radii {
  x: 1.5
  y: 0.824999988079071
  z: 1.5
}
VertexFlags: 67
VertexCount: 19
IndexSize: 1
IndexCount: 102
VertexBuffer: "\000\000@@\000\000@\300\305\314\014\277(\315\023?*\315\023\277&\315\023\277\213\212\n?\266\2655?\223\222\222>\265\303\007@\265\303\007\300\307\314\014\277\346\341\362=\374\341\362\275\371]|\277\213\212\n?\266\2655?\223\222\222>\347R\030@\214\303\351\277\310\314\014\277\020A\010>\270!\321\275\371]|\277\213\212\n?\266\2655?\223\222\222>:\001@38R\220\26433\323\277\351Y\364\276\345Y\364>{\343<\277\213\212\n?\266\2655?\223\222\222>\013}\310>l[>\300\305\314\014\277fA\263<`I*\276\371]|\277\213\212\n?\266\2655?\223\222\222>\000\000\000\000\000\000@\300\305\314\014\2770\333\027\277Q\035(\277\331i\356\276\213\212\n?\266\2655?\223\222\222>\343\305F?:u9\300\305\314\014\277d\3011=W\351%\276\371]|\277\213\212\n?\266\2655?\223\222\222>M\363\222?\215b1\300\305\314\014\277\007q\203=H\251\036\276\371]|\277\213\212\n?\266\2655?\223\222\222>\000\000\300?\361F&\300\306\314\014\277X\301\253=4\271\024\276\371]|\277\213\212\n?\266\2655?\223\222\222>\213\303\351?\347R\030\300\306\314\014\277\242!\321=\033A\010\276\371]|\277\213\212\n?\266\2655?\223\222\222>\361F&@\001\000\300\277\311\314\014\277)\271\024>n\301\253\275\371]|\277\213\212\n?\266\2655?\223\222\222>\215b1@N\363\222\277\312\314\014\277=\251\036>\035q\203\275\371]|\277\213\212\n?\266\2655?\223\222\222>:u9@\345\305F\277\313\314\014\277L\351%>\217\3011\275\371]|\277\213\212\n?\266\2655?\223\222\222>l[>@\016}\310\276\314\314\014\277UI*>\274A\263\274\371]|\277\213\212\n?\266\2655?\223\222\222>\000\000@@\3406\020\264\315\314\014\277P\035(?/\333\027?\340i\356\276\213\212\n?\266\2655?\223\222\222>\000\000@@=\000@\263\2433\003((\315\023?*\315\023?&\315\023?\213\212\n?\266\2655?\223\222\222>:\001@3\240\023P\251\327/\016\036(\315\023\277*\315\023?&\315\023?\213\212\n?\266\2655?\223\222\222>\000\000\000\000\000\000@\300y3\0035(\315\023\277&\315\023\277*\315\023?\213\212\n?\266\2655?\223\222\222>\000\000@@\000\000@\300y3\0035(\315\023?&\315\023\277*\315\023?\213\212\n?\266\2655?\223\222\222>"
IndexBuffer: "\000\001\002\003\004\005\003\006\004\003\007\006\003\010\007\003\t\010\003\001\t\003\002\001\003\n\002\003\013\n\003\014\013\003\r\014\003\016\r\017\020\021\021\022\017\016\017\022\022\000\016\016\003\020\020\017\016\000\005\004\000\004\006\r\016\000\014\r\000\000\006\007\000\007\010\013\014\000\n\013\000\000\010\t\000\t\001\002\n\000\020\003\005\005\021\020\000\022\021\021\005\000"
