AEONMSH
Version: 1
Center {
  x: 27.937759399414062
  y: 27.937757757173586
  z: 10.080004692077692
}
Radii {
  x: 27.937759399414062
  y: 27.93776104165454
  z: 10.080004692077582
}
VertexFlags: 131
VertexCount: 25
IndexSize: 1
IndexCount: 138
VertexBuffer: "\3166;B\2721)B\001<\3476%{\022?\302\311\340\276cS1\277\315\314L?\315\314L?\315\314L?\336;\372A3\305\304A\020v\2066\005\217\002?\005\217\002\277cQ1\277\315\314L?\315\314L?\315\314L?r}\267/\210\200_BH\272\0307(\315\023\277(\315\023?(\315\023\277\315\314L?\315\314L?\315\314L?\263\263\310@\254\274\224A\234\231\231A\302\311\340\276%{\022?cQ1?\315\314L?\315\314L?\315\314L?\004Z\266A\216S\004B\235\231\231A\005\217\002\277\005\217\002?cS1?\315\314L?\315\314L?\315\314L?r}\267/\207\200_B\237\231\231A(\315\023\277(\315\023?(\315\023?\315\314L?\315\314L?\315\314L?\210\200_B\210\200_BU\272\0307x-<?\222)\311>\033s\r\277\315\314L?\315\314L?\315\314L?\237\345%B\210\200_B\244\231\031A\000\000\000\000\000\000\200?\000\000\000\000\315\314L?\315\314L?\315\314L?r}\267/\210\200_B\244\231\031Aj\0035\277j\0035?\000\000\000\000\315\314L?\315\314L?\315\314L?\237\345%B\207\200_B\263G\241A}Y\276\276d\0172?;c\035?\315\314L?\315\314L?\315\314L?\210\200_B\207\200_B\263G\241Ax-<?\222)\311>\033s\r?\315\314L?\315\314L?\315\314L?\237\345%B\207\200_B\237\231\231A\314\321e\276\353\261u?Z\301,>\315\314L?\315\314L?\315\314L?\276\023\320*\331\330\250\236\\\027\367)\222)\311\276x-<\277\033s\r\277\315\314L?\315\314L?\315\314L?\237;YA\205&\021A\036`\3065\302\311\340>%{\022\277cQ1\277\315\314L?\315\314L?\315\314L?\000\000\000\000\007lfA\234\231\031A\000\000\200\277\000\000\000\000\000\000\000\000\315\314L?\315\314L?\315\314L?\000\000\000\000\006lfA\257G\241Ad\0172\277}Y\276>;c\035?\315\314L?\315\314L?\315\314L?\000\000\000\000\006lfA\233\231\231A\353\261u\277\314\321e>Z\301,>\315\314L?\315\314L?\315\314L?\276\023\320*\364j\\\266\256G\241A\222)\311\276x-<\277\033s\r?\315\314L?\315\314L?\315\314L?S\"\025B\000jFB\236\231\231A%{\022\277\302\311\340>cQ1?\315\314L?\315\314L?\315\314L?\263\263\310@\254\274\224A\260G\241A\257\231\327\276\031}\014?r\3338?\315\314L?\315\314L?\315\314L?\336;\372A1\305\304A\260G\241A\005\217\002?\005\217\002\277cQ1?\315\314L?\315\314L?\315\314L?\237;YA\202&\021A\257G\241A\302\311\340>%{\022\277cQ1?\315\314L?\315\314L?\315\314L?\004Z\266A\216S\004B\261G\241A\365m\372\276\365m\372>r\3338?\315\314L?\315\314L?\315\314L?\3166;B\2711)B\262G\241A%{\022?\302\311\340\276cS1?\315\314L?\315\314L?\315\314L?S\"\025B\000jFB\262G\241A\031}\014\277\257\231\327>r\3358?\315\314L?\315\314L?\315\314L?"
IndexBuffer: "\000\001\002\003\004\005\006\002\007\002\010\007\t\n\013\014\002\r\006\000\002\001\r\002\010\002\016\017\020\021\016\002\014\013\005\022\020\003\005\004\022\005\017\023\003\003\020\017\001\024\025\025\r\001\023\025\024\024\026\023\016\014\021\021\020\016\027\n\t\t\030\027\n\006\007\007\013\n\017\021\025\025\023\017\023\026\004\004\003\023\026\030\022\022\004\026\024\001\000\000\027\024\n\027\000\000\006\n\024\027\030\030\026\024\010\005\013\013\007\010\030\t\013\013\022\030\010\016\020\020\005\010\021\014\r\r\025\021"
