AEONMSH
Version: 1
Center {
  x: 48.0
  y: 47.999998357890036
  z: 10.080007553100586
}
Radii {
  x: 48.0
  y: 48.000001642109964
  z: 10.080007553100586
}
VertexFlags: 67
VertexCount: 16
IndexSize: 1
IndexCount: 84
VertexBuffer: "\000\000\300B\000\000\000\000\000\000\000\000(\315\023?(\315\023\277(\315\023\277\315\314L?\315\314L?\315\314L?\000\000\300B\362\353\321\265\232\231\031Aj\0035?j\0035\277\000\000\000\000\315\314L?\315\314L?\315\314L?\000\000\300A\036\343\321\265\232\231\031A\000\000\000\000\000\000\200\277\000\000\000\000\315\314L?\315\314L?\315\314L?\000\000\300Ay\347Q\266\232\231\231A5]\232>\317\215g\2775]\232>\315\314L?\315\314L?\315\314L?\000\000\300Axf\\\266\256G\241A(\315\023?(\315\023\277(\315\023?\315\314L?\315\314L?\315\314L?\031q4-\021e\\\266\256G\241A(\315\023\277(\315\023\277(\315\023?\315\314L?\315\314L?\315\314L?\000\000\000\000E\031\270/\247\245Z,(\315\023\277(\315\023\277(\315\023\277\315\314L?\315\314L?\315\314L?\000\000\300A\000\000\300B\266G\241A(\315\023?(\315\023?(\315\023?\315\314L?\315\314L?\315\314L?\000\000\300A\000\000\300B\242\231\231A5]\232>\317\215g?5]\232>\315\314L?\315\314L?\315\314L?5\325\265/\000\000\300B\266G\241A(\315\023\277(\315\023?(\315\023?\315\314L?\315\314L?\315\314L?\000\000\300A\000\000\300B\252\231\031A\000\000\000\000\000\376\177?\000\000\000\000\315\314L?\315\314L?\315\314L?\000\000\300B\000\000\300B\252\231\031Aj\0035?j\0035?\000\000\000\000\315\314L?\315\314L?\315\314L?\000\000\300B\000\000\300By3\2037(\315\023?(\315\023?(\315\023\277\315\314L?\315\314L?\315\314L?5\325\265/\000\000\300B{3\2037(\315\023\277(\315\023?(\315\023\277\315\314L?\315\314L?\315\314L?\000\000\300B\365\353Q\266\232\231\231A(\315\023?(\315\023\277(\315\023?\315\314L?\315\314L?\315\314L?\000\000\300B\000\000\300B\242\231\231A(\315\023?(\315\023?(\315\023?\315\314L?\315\314L?\315\314L?"
IndexBuffer: "\000\001\002\003\004\005\006\000\002\007\010\t\n\013\014\n\014\r\010\003\016\016\017\010\002\003\005\005\006\002\013\017\016\016\001\013\n\010\017\017\013\n\001\000\014\014\013\001\003\010\007\007\004\003\n\r\t\t\010\n\005\t\r\r\006\005\007\t\005\005\004\007\006\r\014\014\000\006\001\016\003\003\002\001"
