AEONMSH
Version: 1
Center {
  x: 42.0
  y: 35.99999835775952
  z: 10.080005645751953
}
Radii {
  x: 42.0
  y: 36.00000164224048
  z: 10.080005645751953
}
VertexFlags: 67
VertexCount: 18
IndexSize: 1
IndexCount: 96
VertexBuffer: "\000\000@A\377\377oB\263G\241A5]\232>5]\232\276\317\215g?\315\314L?\315\314L?\315\314L?\374\377\2175\000\000\220B\264G\241A(\315\023\277(\315\023?(\315\023?\315\314L?\315\314L?\315\314L?\000\000\000\000\373j\010\266\256G\241A(\315\023\277(\315\023\277(\315\023?\315\314L?\315\314L?\315\314L?\000\000\250B\000\000\000\000\000\000\000\000(\315\023?(\315\023\277(\315\023\277\315\314L?\315\314L?\315\314L?\000\000\250B\000\000pB\244\231\031A\000\000\200?\000\000\000\000\000\000\000\000\315\314L?\315\314L?\315\314L?\000\000\250B\376\377?A\234\231\031A\000\000\200?\000\000\000\000\000\000\000\000\315\314L?\315\314L?\315\314L?\000\000\250B\377\377oB\263G\241A(\315\023?(\315\023\277(\315\023?\315\314L?\315\314L?\315\314L?\000\000\250B\000\000\220B\264G\241A(\315\023?(\315\023?(\315\023?\315\314L?\315\314L?\315\314L?\000\000\250B\364j\\\266\256G\241A(\315\023?(\315\023\277(\315\023?\315\314L?\315\314L?\315\314L?\000\000@A\375\377?A\257G\241A5]\232>5]\232>\317\215g?\315\314L?\315\314L?\315\314L?\000\000\250B\375\377?A\257G\241A(\315\023?(\315\023?(\315\023?\315\314L?\315\314L?\315\314L?\000\000\250B\377\377oB\237\231\231A\317\215g?5]\232\2765]\232>\315\314L?\315\314L?\315\314L?\000\000\250B\375\377?A\233\231\231A\317\215g?5]\232>5]\232>\315\314L?\315\314L?\315\314L?\000\000\250B\000\000\220B6\315D7(\315\023?(\315\023?(\315\023\277\315\314L?\315\314L?\315\314L?\000\000@A\375\377?A\233\231\231A(\315\023?(\315\023?(\315\023?\315\314L?\315\314L?\315\314L?\000\000@A\377\377oB\237\231\231A(\315\023?(\315\023\277(\315\023?\315\314L?\315\314L?\315\314L?\000\000\000\000\362\377\2475\001\232e*(\315\023\277(\315\023\277(\315\023\277\315\314L?\315\314L?\315\314L?\374\377\2175\000\000\220B6\315D7(\315\023\277(\315\023?(\315\023\277\315\314L?\315\314L?\315\314L?"
IndexBuffer: "\000\001\002\003\004\005\000\006\007\002\010\t\010\n\t\000\007\001\002\t\000\006\013\007\n\010\014\003\r\004\016\014\013\013\017\016\004\r\007\007\013\004\020\021\r\r\003\020\n\014\016\016\t\n\r\021\001\001\007\r\017\013\006\006\000\017\004\013\014\014\005\004\005\014\010\010\003\005\000\t\016\016\017\000\021\020\002\002\001\021\020\003\010\010\002\020"
