AEONMSH
Version: 1
Center {
  x: 1.5
  y: 0.22750000655651093
  z: -1.5
}
Radii {
  x: 1.5
  y: 0.22750000655651093
  z: 1.5
}
VertexFlags: 67
VertexCount: 8
IndexSize: 1
IndexCount: 36
VertexBuffer: "\000\000@@\000\000@\300\263\365\350\276(\315\023?*\315\023\277&\315\023\277\261\2600?\330\327W?\367\366v?\000\000@@\3150\237\263\303\365\350\276(\315\023?&\315\023?*\315\023\277\261\2600?\330\327W?\367\366v?\000\000@@\324\365\237\233\030\026\352\246(\315\023?*\315\023?&\315\023?\261\2600?\330\327W?\367\366v?\000\000@@\000\000@\300y3\0035(\315\023?&\315\023\277*\315\023?\261\2600?\330\327W?\367\366v?\000\000\000\000\3770\237\263\303\365\350\276(\315\023\277&\315\023?*\315\023\277\261\2600?\330\327W?\367\366v?\000\000\000\000\n\223\311\252\335\0146\246(\315\023\277*\315\023?&\315\023?\261\2600?\330\327W?\367\366v?\216\220/+\000\000@\300y3\0035(\315\023\277&\315\023\277*\315\023?\261\2600?\330\327W?\367\366v?\216\220/+\000\000@\300\263\365\350\276(\315\023\277*\315\023\277&\315\023\277\261\2600?\330\327W?\367\366v?"
IndexBuffer: "\000\001\002\002\003\000\001\004\005\005\002\001\006\003\002\002\005\006\007\004\001\001\000\007\004\007\006\006\005\004\007\000\003\003\006\007"
