AEONMSH
Version: 1
Center {
  x: 1.5
  y: 0.8650000095367432
  z: -1.5
}
Radii {
  x: 1.5
  y: 0.8650000095367432
  z: 1.5
}
VertexFlags: 67
VertexCount: 8
IndexSize: 1
IndexCount: 36
VertexBuffer: "\000\000@@\000\000@\300y3\0035(\315\023?&\315\023\277*\315\023?\331\330X?\324\323S?\300\277??\000\000@@\277\016\234\251\314GU\036(\315\023?*\315\023?&\315\023?\331\330X?\324\323S?\300\277??\240\023P)\276\023P\250\353/\016\035(\315\023\277*\315\023?&\315\023?\331\330X?\324\323S?\300\277??\246\023\320\'\000\000@\300y3\0035(\315\023\277&\315\023\277*\315\023?\331\330X?\324\323S?\300\277??\000\000@@\376j\334\263\256G!\277P1(?1\035\031?\331\361\352\276\331\330X?\324\323S?\300\277??\000\000@@\000\000@\300\246G!\277P1(?3\035\031\277\323\361\352\276\331\330X?\324\323S?\300\277??(\0216)\215Q\227\264\244p\335\277\345\251\362\276\035\243\017?]\271-\277\331\330X?\324\323S?\300\277??\000\000\000\000\001\000@\300\240p\335\277\345\251\362\276!\243\017\277Y\271-\277\331\330X?\324\323S?\300\277??"
IndexBuffer: "\000\001\002\002\003\000\004\001\000\000\005\004\004\006\002\002\001\004\005\007\006\006\004\005\003\007\005\005\000\003\007\003\002\002\006\007"
