AEONMSH
Version: 1
Center {
  x: 48.0
  y: 47.9999984359614
  z: 9.600008010864258
}
Radii {
  x: 48.0
  y: 48.0000015640386
  z: 9.600008010864258
}
VertexFlags: 131
VertexCount: 28
IndexSize: 1
IndexCount: 162
VertexBuffer: "\316\016\034+\000\000\300B\252\231\031AU\251*\277U\251*?U\251\252>\315\314L?\315\314L?\315\314L?\372\025j,\377\377oB\212\353\221A\317\215g\2775]\232>5]\232>\315\314L?\315\314L?\315\314L?\372\025j,\000\000\204B\213\353\221A\317\215g\2775]\232\2765]\232>\315\314L?\315\314L?\315\314L?\000\000\300B\365\353\321\265\232\231\031AU\251*?U\251*\277U\251\252>\315\314L?\315\314L?\315\314L?\000\000\300B\377\377\017B\210\353\221A\317\215g?5]\232\2765]\232>\315\314L?\315\314L?\315\314L?\000\000\300B\376\377\357A\210\353\221A\317\215g?5]\232>5]\232>\315\314L?\315\314L?\315\314L?\277\016\034,\341\353\321\265\232\231\031AU\251*\277U\251*\277U\251\252>\315\314L?\315\314L?\315\314L?\261\016\234+\377\377\017B\210\353\221A\317\215g\2775]\232\2765]\232>\315\314L?\315\314L?\315\314L?\261\016\234+\376\377\357A\210\353\221A\317\215g\2775]\232>5]\232>\315\314L?\315\314L?\315\314L?\000\000\300B\000\000\300B\252\231\031AU\251*?U\251*?U\251\252>\315\314L?\315\314L?\315\314L?\000\000\300B\377\377oB\212\353\221A\317\215g?5]\232>5]\232>\315\314L?\315\314L?\315\314L?\000\000\300B\000\000\204B\213\353\221A\317\215g?5]\232\2765]\232>\315\314L?\315\314L?\315\314L?\000\000\300B\377\377\017B\235\231\231A(\315\023?(\315\023\277(\315\023?\315\314L?\315\314L?\315\314L?\000\000\000\000\377\377\017B\235\231\231A(\315\023\277(\315\023\277(\315\023?\315\314L?\315\314L?\315\314L?\277\016\034,\000\000\204B\240\231\231A(\315\023\277(\315\023\277(\315\023?\315\314L?\315\314L?\315\314L?\316\016\034+\000\000\300B\242\231\231A(\315\023\277(\315\023?(\315\023?\315\314L?\315\314L?\315\314L?\261\016\234+\000\000\300By3\2037(\315\023\277(\315\023?(\315\023\277\315\314L?\315\314L?\315\314L?\000\000\300B\000\000\300By3\2037(\315\023?(\315\023?(\315\023\277\315\314L?\315\314L?\315\314L?\277\016\034,\365\353Q\266\232\231\231A(\315\023\277(\315\023\277(\315\023?\315\314L?\315\314L?\315\314L?\000\000\300B\356\353Q\266\232\231\231A(\315\023?(\315\023\277(\315\023?\315\314L?\315\314L?\315\314L?\000\000\300B\361G\325\235\332\016\034)(\315\023?(\315\023\277(\315\023\277\315\314L?\315\314L?\315\314L?\261\016\234+\277\016\034,\314G\325 (\315\023\277(\315\023\277(\315\023\277\315\314L?\315\314L?\315\314L?\000\000\000\000\376\377\357A\235\231\231A(\315\023\277(\315\023?(\315\023?\315\314L?\315\314L?\315\314L?\000\000\300B\376\377\357A\235\231\231A(\315\023?(\315\023?(\315\023?\315\314L?\315\314L?\315\314L?\000\000\300B\000\000\204B\240\231\231A(\315\023?(\315\023\277(\315\023?\315\314L?\315\314L?\315\314L?\000\000\300B\000\000\300B\242\231\231A(\315\023?(\315\023?(\315\023?\315\314L?\315\314L?\315\314L?\261\016\234+\377\377oB\237\231\231A(\315\023\277(\315\023?(\315\023?\315\314L?\315\314L?\315\314L?\000\000\300B\377\377oB\237\231\231A(\315\023?(\315\023?(\315\023?\315\314L?\315\314L?\315\314L?"
IndexBuffer: "\000\001\002\003\004\005\000\006\007\006\010\007\000\007\001\003\t\n\t\013\n\003\n\004\014\r\007\007\004\014\001\n\013\013\002\001\002\016\017\017\000\002\020\000\t\t\021\020\022\006\003\003\023\022\024\003\006\006\025\024\021\t\003\003\024\021\020\021\024\024\025\020\010\006\022\022\026\010\026\027\005\005\010\026\005\027\023\023\003\005\013\030\016\016\002\013\013\t\031\031\030\013\001\007\r\r\032\001\031\017\016\016\030\031\000\017\031\031\t\000\032\033\n\n\001\032\032\r\014\014\033\032\025\006\000\000\020\025\004\n\033\033\014\004\006\003\t\t\000\006\022\023\027\027\026\022\007\010\005\005\004\007"
