AEONMSH
Version: 1
Center {
  x: 89.58143997192383
  y: 6.418622282014894
  z: 10.080000877380533
}
Radii {
  x: 6.418560028076172
  y: 6.418625566495848
  z: 10.08000087738021
}
VertexFlags: 131
VertexCount: 8
IndexSize: 1
IndexCount: 36
VertexBuffer: "\000\000\300B\nj\\\266\256G\241A(\315\023?(\315\023\277(\315\023?\315\314L?\315\314L?\315\314L?f\332\264B\347Z\262@\256G\241A\351i\364\276\351i\364>z\331<?\315\314L?\315\314L?\315\314L?eS\246B\364j\\\266\256G\241A\227kK\277\024\031\212\276\026;\013?\315\314L?\315\314L?\315\314L?\000\000\300B\372\025j.\030(\373+(\315\023?(\315\023\277(\315\023\277\315\314L?\315\314L?\315\314L?f\332\264B\356Z\262@\014\301s5\351i\364\276\351i\364>z\331<\277\315\314L?\315\314L?\315\314L?\000\000\300B^eMA\346Z\0146\024\031\212>\227kK?\026;\013\277\315\314L?\315\314L?\315\314L?eS\246B\003\324x\237c\021\266*\227kK\277\024\031\212\276\026;\013\277\315\314L?\315\314L?\315\314L?\000\000\300B[eMA\257G\241A\024\031\212>\227kK?\026;\013?\315\314L?\315\314L?\315\314L?"
IndexBuffer: "\000\001\002\003\004\005\004\006\002\002\001\004\000\007\001\000\003\005\005\007\000\003\006\004\004\001\007\007\005\004\000\002\006\006\003\000"
