AEONMSH
Version: 1
Center {
  x: 1.5
  y: 0.3149999976158142
  z: -1.5
}
Radii {
  x: 1.5
  y: 0.3149999976158142
  z: 1.5
}
VertexFlags: 67
VertexCount: 8
IndexSize: 1
IndexCount: 36
VertexBuffer: "\000\000@@\000\000@\300y3\0035(\315\023?&\315\023\277*\315\023?\331\330X?\324\323S?\300\277??\000\000@@\240\023P\251\327/\016\036(\315\023?*\315\023?&\315\023?\331\330X?\324\323S?\300\277??\030\026j)\000\000\000\000\000\000\000\000(\315\023\277*\315\023?&\315\023?\331\330X?\324\323S?\300\277??\000\000\000\000\000\000@\300y3\0035(\315\023\277&\315\023\277*\315\023?\331\330X?\324\323S?\300\277??\000\000\000\000\000\000@\300\246G!\277(\315\023\277*\315\023\277&\315\023\277\331\330X?\324\323S?\300\277??\000\000@@\000\000@\300\246G!\277(\315\023?*\315\023\277&\315\023\277\331\330X?\324\323S?\300\277??\000\000@@\373j\334\263\256G!\277(\315\023?&\315\023?*\315\023\277\331\330X?\324\323S?\300\277??\030\026j)\364j\334\263\256G!\277(\315\023\277&\315\023?*\315\023\277\331\330X?\324\323S?\300\277??"
IndexBuffer: "\000\001\002\002\003\000\004\005\000\000\003\004\006\001\000\000\005\006\005\004\007\007\006\005\006\007\002\002\001\006\004\003\002\002\007\004"
