AEONMSH
Version: 1
Center {
  x: 1.5
  y: 0.824999988079071
  z: -1.5
}
Radii {
  x: 1.5
  y: 0.824999988079071
  z: 1.5
}
VertexFlags: 67
VertexCount: 28
IndexSize: 1
IndexCount: 156
VertexBuffer: ":\001@38R\220\26433\323\277\351Y\364\276\345Y\364>{\343<\277\213\212\n?\266\2655?\223\222\222>:u9@\345\305F\277\313\314\014\277\231\225L?\274A[\276\037\311\017\277\213\212\n?\266\2655?\223\222\222>\215b1@N\363\222\277\312\314\014\277\207\255C?G\031\242\276\037\311\017\277\213\212\n?\266\2655?\223\222\222>l[>@\016}\310\276\314\314\014\277\244\375Q?\306!\335\275 \311\017\277\213\212\n?\266\2655?\223\222\222>\000\000@@\3406\020\264\315\314\014\277Z\337,?\'\347\023?\330\265\352\276\213\212\n?\266\2655?\223\222\222>\213\303\351?\347R\030\300w-\3204\302\311\340>#{\022\277eS1?\213\212\n?\266\2655?\223\222\222>\265\303\007@\265\303\007\300\332\213\2714\005\217\002?\003\217\002\277dQ1?\213\212\n?\266\2655?\223\222\222>:\001@3\240\023P\251\327/\016\036(\315\023\277*\315\023?&\315\023?\213\212\n?\266\2655?\223\222\222>\013}\310>l[>\300\305\314\014\277\272!\335=\246\375Q\277\036\311\017\277\213\212\n?\266\2655?\223\222\222>\000\000\000\000\000\000@\300\305\314\014\277(\347\023\277[\337,\277\321\265\352\276\213\212\n?\266\2655?\223\222\222>\343\305F?:u9\300\305\314\014\277\266A[>\233\225L\277\036\311\017\277\213\212\n?\266\2655?\223\222\222>M\363\222?\215b1\300\305\314\014\277D\031\242>\211\255C\277\036\311\017\277\213\212\n?\266\2655?\223\222\222>\000\000\300?\361F&\300\306\314\014\277\250\315\323>qm7\277\036\311\017\277\213\212\n?\266\2655?\223\222\222>\213\303\351?\347R\030\300\306\314\014\277\002\357\000?R\007(\277\036\311\017\277\213\212\n?\266\2655?\223\222\222>\265\303\007@\265\303\007\300\307\314\014\277,\303\025?.\303\025\277\036\311\017\277\213\212\n?\266\2655?\223\222\222>\347R\030@\214\303\351\277\310\314\014\277P\007(?\004\357\000\277\037\311\017\277\213\212\n?\266\2655?\223\222\222>\361F&@\001\000\300\277\311\314\014\277om7?\253\315\323\276\037\311\017\277\213\212\n?\266\2655?\223\222\222>\000\000@@=\000@\263\2433\003(2\377\030?!K\017?$\357\022?\213\212\n?\266\2655?\223\222\222>l[>@\013}\310\276f\000\2113n\r7?s\301\300\275cS1?\213\212\n?\266\2655?\223\222\222>\000\000\000\000\000\000@\300y3\0035\037K\017\2770\377\030\277(\357\022?\213\212\n?\266\2655?\223\222\222>\013}\310>l[>\300\023\024\0025\202\301\300=l\r7\277eS1?\213\212\n?\266\2655?\223\222\222>\343\305F?:u9\300\022v\3754~!?>cW2\277eQ1?\213\212\n?\266\2655?\223\222\222>M\363\222?\215b1\300\227m\3624\033M\215>S\225*\277eS1?\213\212\n?\266\2655?\223\222\222>\000\000\300?\361F&\300K?\3434q\241\270>>\345\037\277eQ1?\213\212\n?\266\2655?\223\222\222>\347R\030@\213\303\351\277k\275\2374%{\022?\276\311\340\276dS1?\213\212\n?\266\2655?\223\222\222>\361F&@\000\000\300\277y3\2034@\345\037?m\241\270\276dQ1?\213\212\n?\266\2655?\223\222\222>\215b1@M\363\222\277v\325H4U\225*?\027M\215\276dS1?\213\212\n?\266\2655?\223\222\222>:u9@\343\305F\277N\324\0074eW2?v!?\276dQ1?\213\212\n?\266\2655?\223\222\222>"
IndexBuffer: "\000\001\002\000\003\001\000\004\003\005\006\007\000\010\t\000\n\010\000\013\n\000\014\013\000\r\014\000\016\r\000\017\016\000\020\017\000\002\020\021\007\022\023\024\007\025\026\007\027\005\007\006\030\007\031\032\007\033\022\007\007\024\025\026\027\007\030\031\007\033\007\032\004\000\007\007\021\004\007\000\t\t\023\007\010\024\023\023\t\010\002\032\031\031\020\002\020\031\030\030\017\020\017\030\006\006\016\017\016\006\005\005\r\016\r\005\027\027\014\r\014\027\026\026\013\014\013\026\025\025\n\013\n\025\024\024\010\n\001\033\032\032\002\001\003\022\033\033\001\003\004\021\022\022\003\004"
