AEONMSH
Version: 1
Center {
  x: 1.3125
  y: 0.3149999976158142
  z: -1.125
}
Radii {
  x: 1.3125
  y: 0.3149999976158142
  z: 1.125
}
VertexFlags: 67
VertexCount: 24
IndexSize: 1
IndexCount: 96
VertexBuffer: "\000\000\300>\001\000\360\277\251G!\2775]\232>0]\232>\320\215g\277\331\330X?\324\323S?\300\277??\374\377\0173\000\000\020\300\250G!\277(\315\023\277*\315\023\277&\315\023\277\331\330X?\324\323S?\300\277??\000\000\000\000v5\030\264\256G!\277(\315\023\277&\315\023?*\315\023\277\331\330X?\324\323S?\300\277??\000\000(@\000\000\000\000\000\000\000\000(\315\023?*\315\023?&\315\023?\331\330X?\324\323S?\300\277??\000\000(@\000\000\020\3006\315\3044(\315\023?&\315\023\277*\315\023?\331\330X?\324\323S?\300\277??\000\000(@\002\000\300\276\230\231\231\276\000\376\177?\000\000\000\000\000\000\000\000\331\330X?\324\323S?\300\277??\000\000\300>\003\000\300\276\255G!\2775]\232>:]\232\276\316\215g\277\331\330X?\324\323S?\300\277??\000\000\300>\003\000\300\276\231\231\031\277(\315\023?*\315\023\277&\315\023\277\331\330X?\324\323S?\300\277??\000\000\300>\001\000\360\277\225\231\031\277(\315\023?&\315\023?*\315\023\277\331\330X?\324\323S?\300\277??\000\000(@\001\000\360\277\251G!\277(\315\023?&\315\023?*\315\023\277\331\330X?\324\323S?\300\277??\000\000(@\000\000\020\300\250G!\277(\315\023?*\315\023\277&\315\023\277\331\330X?\324\323S?\300\277??\000\000(@\364j\334\263\256G!\277(\315\023?&\315\023?*\315\023\277\331\330X?\324\323S?\300\277??\000\000(@\003\000\300\276\255G!\277(\315\023?*\315\023\277&\315\023\277\331\330X?\324\323S?\300\277??\000\000(@\001\000\360\277\225\231\031\277\317\215g?3]\232>7]\232\276\331\330X?\324\323S?\300\277??\000\000(@\003\000\300\276\231\231\031\277\317\215g?7]\232\2763]\232\276\331\330X?\324\323S?\300\277??\000\000(@\000\000\360\277\220\231\231\276\000\000\200?\000\000\000\000\000\000\000\000\331\330X?\324\323S?\300\277??\000\000\000\000\362\377\'\263\001\232\345\'(\315\023\277*\315\023?&\315\023?\331\330X?\324\323S?\300\277??\374\377\0173\000\000\020\3006\315\3044(\315\023\277&\315\023\277*\315\023?\331\330X?\324\323S?\300\277??\000\000\300>\003\000\300\276\231\231\031\277(\315\023?*\315\023\277&\315\023\277\323\322\322>\323\322\322>\323\322\322>\000\000(@\003\000\300\276\231\231\031\277\317\215g?7]\232\2763]\232\276\323\322\322>\323\322\322>\323\322\322>\000\000(@\001\000\360\277\225\231\031\277\317\215g?3]\232>7]\232\276\323\322\322>\323\322\322>\323\322\322>\000\000\300>\001\000\360\277\225\231\031\277(\315\023?&\315\023?*\315\023\277\323\322\322>\323\322\322>\323\322\322>\000\000(@\000\000\360\277\220\231\231\276\000\000\200?\000\000\000\000\000\000\000\000\323\322\322>\323\322\322>\323\322\322>\000\000(@\002\000\300\276\230\231\231\276\000\376\177?\000\000\000\000\000\000\000\000\323\322\322>\323\322\322>\323\322\322>"
IndexBuffer: "\000\001\002\003\004\005\006\007\010\010\000\006\000\t\n\002\013\006\013\014\006\000\n\001\002\006\000\r\t\000\000\010\r\t\r\n\014\013\016\n\r\017\017\004\n\004\017\005\003\013\002\002\020\003\020\002\001\001\021\020\013\003\005\005\016\013\016\007\006\006\014\016\021\004\003\003\020\021\021\001\n\n\004\021\022\023\024\024\025\022\026\024\023\023\027\026"
