AEONMSH
Version: 1
Center {
  x: 1.5
  y: 0.8650000095367432
  z: -1.5
}
Radii {
  x: 1.5
  y: 0.8650000095367432
  z: 1.5
}
VertexFlags: 67
VertexCount: 22
IndexSize: 1
IndexCount: 84
VertexBuffer: "\000\000@?\000\000@\300\212\231\231\276\000\000\000\000\000\000\200\277L\357.4\331\330X?\324\323S?\300\277??_\3525-\000\000@\300w3\0035(\315\023\277&\315\023\277*\315\023?\331\330X?\324\323S?\300\277??\000\000@?\000\000@\300\222\231\031\2775]\232>\320\215g\2770]\232\276\331\330X?\324\323S?\300\277??\000\000@@\000\000\000\000\000\000\000\000(\315\023?*\315\023?&\315\023?\331\330X?\324\323S?\300\277??\000\000@@\377\353Q\263\232\231\231\276j\0035?j\0035?\014c\367\263\331\330X?\324\323S?\300\277??\000\000@?\322\364Q\263\232\231\231\276\000\000\000\000\000\000\200?L\357.\264\331\330X?\324\323S?\300\277??\000\000\000\000M\2018\255\257\243\332\251(\315\023\277*\315\023?&\315\023?\331\330X?\324\323S?\300\277??\000\000@?w\360\321\263\232\231\031\2775]\232>\316\215g?:]\232\276\331\330X?\324\323S?\300\277??\000\000@@\000\000@\300y3\0035(\315\023?&\315\023\277*\315\023?\331\330X?\324\323S?\300\277??\000\000@@\000\000@\300\212\231\231\276j\0035?j\0035\277\014c\3673\331\330X?\324\323S?\300\277??(\021\266*\010S\227\264\244p\335\277(\315\023\277&\315\023?*\315\023\277\331\330X?\324\323S?\300\277??\000\000@?\256R\227\264\244p\335\277(\315\023?&\315\023?*\315\023\277\331\330X?\324\323S?\300\277??_\3525-\001\000@\300\240p\335\277(\315\023\277*\315\023\277&\315\023\277\331\330X?\324\323S?\300\277??\000\000@?\001\000@\300\240p\335\277(\315\023?*\315\023\277&\315\023\277\331\330X?\324\323S?\300\277??\000\000@?\000\000@\300\212\231\231\276\000\000\000\000\000\000\200\277L\357.4\323\322\322>\323\322\322>\323\322\322>\000\000@?\000\000@\300\222\231\031\2775]\232>\320\215g\2770]\232\276\323\322\322>\323\322\322>\323\322\322>\000\000@@\000\000@\300\222\231\031\277(\315\023?*\315\023\277&\315\023\277\323\322\322>\323\322\322>\323\322\322>\000\000@@\000\000@\300\212\231\231\276j\0035?j\0035\277\014c\3673\323\322\322>\323\322\322>\323\322\322>\000\000@@\377\353Q\263\232\231\231\276j\0035?j\0035?\014c\367\263\323\322\322>\323\322\322>\323\322\322>\000\000@@\365\353\321\263\232\231\031\277(\315\023?&\315\023?*\315\023\277\323\322\322>\323\322\322>\323\322\322>\000\000@?w\360\321\263\232\231\031\2775]\232>\316\215g?:]\232\276\323\322\322>\323\322\322>\323\322\322>\000\000@?\322\364Q\263\232\231\231\276\000\000\000\000\000\000\200?L\357.\264\323\322\322>\323\322\322>\323\322\322>"
IndexBuffer: "\000\001\002\003\004\005\006\003\005\005\007\006\003\010\t\t\004\003\n\006\007\007\013\n\000\t\010\000\010\001\014\n\013\013\r\014\014\001\006\006\n\014\001\014\r\r\002\001\002\r\013\013\007\002\001\010\003\003\006\001\016\017\020\020\021\016\022\023\024\024\025\022\021\020\023\023\022\021\017\024\023\023\020\017"
