AEONMSH
Version: 1
Center {
  x: 48.0
  y: 47.999995698894054
  z: 26.399999618530273
}
Radii {
  x: 48.0
  y: 48.000004301105946
  z: 26.399999618530273
}
VertexFlags: 131
VertexCount: 8
IndexSize: 1
IndexCount: 36
VertexBuffer: "\000\000\300B\232m@\266\315\314\214AF\t#?\"\337\020\277\014\007\006?\315\314L?\315\314L?\315\314L?\030\026\352+8R\020\26733SB\367\275\373\276\367\275\373\276p\3677?\315\314L?\315\314L?\315\314L?\030\026\352+\000\000\000\000\000\000\000\000(\315\023\277(\315\023\277(\315\023\277\315\314L?\315\314L?\315\314L?\000\000\300B\240\023\320+\327/\216 (\315\023?(\315\023\277(\315\023\277\315\314L?\315\314L?\315\314L?\000\000\000\000\000\000\300B\325\314\214A\"\337\020\277F\t#?\014\007\006?\315\314L?\315\314L?\315\314L?\000\000\300B\000\000\300B\325\314\214A9\177\034?9\177\034?\001\247\000?\315\314L?\315\314L?\315\314L?\000\000\300B\000\000\300By3\2037(\315\023?(\315\023?(\315\023\277\315\314L?\315\314L?\315\314L?\000\000\000\000\000\000\300By3\2037(\315\023\277(\315\023?(\315\023\277\315\314L?\315\314L?\315\314L?"
IndexBuffer: "\000\001\002\002\003\000\004\005\006\006\007\004\002\001\004\004\007\002\000\003\006\006\005\000\005\004\001\001\000\005\006\003\002\002\007\006"
