AEONMSH
Version: 1
Center {
  x: 1.5
  y: 0.30000001192092896
  z: -1.5
}
Radii {
  x: 1.5
  y: 0.30000001192092896
  z: 1.5
}
VertexFlags: 67
VertexCount: 16
IndexSize: 1
IndexCount: 66
VertexBuffer: "\222\3505-\000\000@\300w3\0035(\315\023\277&\315\023\277*\315\023?\331\330X?\324\323S?\300\277??\000\000\000\000z\3457\255\242o\332\251(\315\023\277*\315\023?&\315\023?\331\330X?\324\323S?\300\277??\364p4*\244\367Q\263\232\231\231\276U\251*\277T\251*?Y\251\252\276\331\330X?\324\323S?\300\277??\222\3505-\000\000@\300\212\231\231\276U\251*\277V\251*\277Q\251\252\276\331\330X?\324\323S?\300\277??\000\000@@\000\000\000\000\000\000\000\000(\315\023?*\315\023?&\315\023?\331\330X?\324\323S?\300\277??\000\000@@\000\000@\300y3\0035(\315\023?&\315\023\277*\315\023?\331\330X?\324\323S?\300\277??\000\000@@\000\000@\300\212\231\231\276U\251*?V\251*\277Q\251\252\276\331\330X?\324\323S?\300\277??\000\000@@\377\353Q\263\232\231\231\276U\251*?T\251*?Y\251\252\276\331\330X?\324\323S?\300\277??\000\000@@\377\353Q\263\232\231\231\276U\251*?T\251*?Y\251\252\276\323\322\322>\323\322\322>\323\322\322>\000\000@@\000\000@\300\212\231\231\276U\251*?V\251*\277Q\251\252\276\323\322\322>\323\322\322>\323\322\322>\222\3505-\000\000@\300\212\231\231\276U\251*\277V\251*\277Q\251\252\276\323\322\322>\323\322\322>\323\322\322>\364p4*\244\367Q\263\232\231\231\276U\251*\277T\251*?Y\251\252\276\323\322\322>\323\322\322>\323\322\322>\000\000@@\365\353\321\263\232\231\031\277(\315\023?&\315\023?*\315\023\277\323\322\322>\323\322\322>\323\322\322>C\341\266*\330\361\321\263\232\231\031\277(\315\023\277&\315\023?*\315\023\277\323\322\322>\323\322\322>\323\322\322>\000\000@@\000\000@\300\222\231\031\277(\315\023?*\315\023\277&\315\023\277\323\322\322>\323\322\322>\323\322\322>\222\3505-\000\000@\300\222\231\031\277(\315\023\277*\315\023\277&\315\023\277\323\322\322>\323\322\322>\323\322\322>"
IndexBuffer: "\000\001\002\002\003\000\004\005\006\006\007\004\005\000\003\003\006\005\000\005\004\004\001\000\004\007\002\002\001\004\010\t\n\n\013\010\013\010\014\014\r\013\010\t\016\016\014\010\n\013\r\r\017\n\017\016\t\t\n\017\r\014\016\016\017\r"
