AEONMSH
Version: 1
Center {
  x: 48.0
  y: 47.99999549035556
  z: 27.680007934570312
}
Radii {
  x: 48.0
  y: 48.00000450964444
  z: 27.680007934570312
}
VertexFlags: 67
VertexCount: 8
IndexSize: 1
IndexCount: 36
VertexBuffer: "\246\023P*\000\000\300By3\2037(\315\023\277(\315\023?(\315\023\277\315\314L?\315\314L?\315\314L?\000\000\000\000\377\377\277B\250p]B\345\251\362\276\037\243\017?[\271-?\315\314L?\315\314L?\315\314L?\000\000\300B\000\000\300B\266G\241AP1(?2\035\031?\326\361\352>\315\314L?\315\314L?\315\314L?\000\000\300B\000\000\300By3\2037(\315\023?(\315\023?(\315\023\277\315\314L?\315\314L?\315\314L?\000\000\300B\277\016\034,\314G\325 (\315\023?(\315\023\277(\315\023\277\315\314L?\315\314L?\315\314L?\240\023\320+\276\023\320*\353/\216\037(\315\023\277(\315\023\277(\315\023\277\315\314L?\315\314L?\315\314L?(\021\266+\215Q\027\267\244p]B\345\251\362\276\037\243\017\277[\271-?\315\314L?\315\314L?\315\314L?\000\000\300B\352j\\\266\256G\241AP1(?2\035\031\277\326\361\352>\315\314L?\315\314L?\315\314L?"
IndexBuffer: "\000\001\002\002\003\000\003\004\005\005\000\003\002\001\006\006\007\002\007\006\005\005\004\007\007\004\003\003\002\007\001\000\005\005\006\001"
