AEONMSH
Version: 1
Center {
  x: 1.5
  y: 0.8650000095367432
  z: -1.5
}
Radii {
  x: 1.5
  y: 0.8650000095367432
  z: 1.5
}
VertexFlags: 67
VertexCount: 30
IndexSize: 1
IndexCount: 120
VertexBuffer: "\000\000\300>\000\000@\300x3\0035\000\000\000\000h\0035\277l\0035?\323\322\322>\323\322\322>\323\322\322>\000\000@?\000\000@\300\222\231\031\2775]\232>\320\215g\2770]\232\276\323\322\322>\323\322\322>\323\322\322>\000\000@?\000\000@\300\212\231\231\276\000\000\000\000\000\000\200\277L\357.4\323\322\322>\323\322\322>\323\322\322>\000\000\300>v\223#\255-\001\277\251\000\000\000\000l\0035?h\0035?\323\322\322>\323\322\322>\323\322\322>\000\000@?r\360\321\263\232\231\031\2775]\232>\316\215g?:]\232\276\323\322\322>\323\322\322>\323\322\322>\000\000\300>\204S\220\26433\323\2775]\232\276\316\215g?:]\232\276\323\322\322>\323\322\322>\323\322\322>\000\000@@\000\000@\300\212\231\231\276j\0035?j\0035\277\014c\3673\323\322\322>\323\322\322>\323\322\322>\000\000@@\000\000@\300y3\0035(\315\023?&\315\023\277*\315\023?\323\322\322>\323\322\322>\323\322\322>\000\000\300>\001\000@\300/3\323\2775]\232\276\320\215g\2770]\232\276\331\330X?\324\323S?\300\277??\000\000\300>\001\000@\300\240p\335\277(\315\023\277*\315\023\277&\315\023\277\331\330X?\324\323S?\300\277??\000\000@?\001\000@\300\240p\335\277(\315\023?*\315\023\277&\315\023\277\331\330X?\324\323S?\300\277??\000\000@?\000\000@\300\222\231\031\2775]\232>\320\215g\2770]\232\276\331\330X?\324\323S?\300\277??\000\000\300>\001\000@\300/3\323\2775]\232\276\320\215g\2770]\232\276\323\322\322>\323\322\322>\323\322\322>\000\000\300>\204S\220\26433\323\2775]\232\276\316\215g?:]\232\276\331\330X?\324\323S?\300\277??\000\000\300>\331R\227\264\244p\335\277(\315\023\277&\315\023?*\315\023\277\331\330X?\324\323S?\300\277??\000\000@?\254R\227\264\244p\335\277(\315\023?&\315\023?*\315\023\277\331\330X?\324\323S?\300\277??\000\000@@\000\000\000\000\000\000\000\000(\315\023?*\315\023?&\315\023?\323\322\322>\323\322\322>\323\322\322>\000\000@?\317\364Q\263\232\231\231\276\000\000\000\000\000\000\200?L\357.\264\323\322\322>\323\322\322>\323\322\322>\000\000@@\370\353Q\263\232\231\231\276j\0035?j\0035?\014c\367\263\323\322\322>\323\322\322>\323\322\322>\000\000@?r\360\321\263\232\231\031\2775]\232>\316\215g?:]\232\276\331\330X?\324\323S?\300\277??\000\000\300>\000\000@\300x3\0035\000\000\000\000h\0035\277l\0035?\213\212\n?\266\2655?\223\222\222>\177\3115-\000\000@\300w3\0035(\315\023\277&\315\023\277*\315\023?\213\212\n?\266\2655?\223\222\222>\347\0058-\001\000@\300/3\323\277(\315\023\277*\315\023\277&\315\023\277\213\212\n?\266\2655?\223\222\222>\000\000\300>\001\000@\300/3\323\2775]\232\276\320\215g\2770]\232\276\213\212\n?\266\2655?\223\222\222>\000\000\000\000E\0318\255\242;\332\251(\315\023\277*\315\023?&\315\023?\213\212\n?\266\2655?\223\222\222>\000\000\300>v\223#\255-\001\277\251\000\000\000\000l\0035?h\0035?\213\212\n?\266\2655?\223\222\222>\314\367\373*\262S\220\26433\323\277(\315\023\277&\315\023?*\315\023\277\213\212\n?\266\2655?\223\222\222>\000\000\300>\204S\220\26433\323\2775]\232\276\316\215g?:]\232\276\213\212\n?\266\2655?\223\222\222>\000\000@@\000\000@\300\222\231\031\277(\315\023?*\315\023\277&\315\023\277\323\322\322>\323\322\322>\323\322\322>\000\000@@\365\353\321\263\232\231\031\277(\315\023?&\315\023?*\315\023\277\323\322\322>\323\322\322>\323\322\322>"
IndexBuffer: "\000\001\002\003\004\005\006\007\002\010\t\n\002\007\000\n\013\010\000\014\001\r\016\t\t\010\r\017\016\r\003\020\021\021\004\003\020\022\021\017\r\023\013\n\017\017\023\013\017\n\t\t\016\017\024\025\026\026\027\024\007\020\003\003\000\007\030\025\024\024\031\030\027\026\032\032\033\027\033\032\030\030\031\033\032\026\025\025\030\032\022\006\034\034\035\022\021\022\035\035\004\021\006\002\001\001\034\006\034\001\004\004\035\034\022\020\007\007\006\022"
